0 14707368.210158087
1 840769.9305012466
2 840769.9305012466
3 840769.9305012466
4 840769.9305012466
5 840769.9305012466
6 815549.9957852873
7 815549.9957852873
8 91586.59222826935
9 91586.59222826935
10 91586.59222826935
11 91586.59222826935
12 91586.59222826935
13 91586.59222826935
14 91586.59222826935
15 91586.59222826935
16 91586.59222826935
17 91586.59222826935
18 91586.59222826935
19 35610.533017877315
20 35610.533017877315
21 35610.533017877315
22 35610.533017877315
23 35610.533017877315
24 35610.533017877315
25 35610.533017877315
26 35610.533017877315
27 35610.533017877315
28 35610.533017877315
29 35610.533017877315
30 35610.533017877315
31 35610.533017877315
32 35610.533017877315
33 35610.533017877315
34 35610.533017877315
35 35610.533017877315
36 35610.533017877315
37 35610.533017877315
38 35610.533017877315
39 12751.640175068951
40 12751.640175068951
41 12751.640175068951
42 12751.640175068951
43 12751.640175068951
44 12751.640175068951
45 12751.640175068951
46 12751.640175068951
47 12751.640175068951
48 12751.640175068951
49 12751.640175068951
50 12751.640175068951
51 12751.640175068951
52 12751.640175068951
53 12751.640175068951
54 12751.640175068951
55 12751.640175068951
56 12751.640175068951
57 12751.640175068951
58 12751.640175068951
59 12751.640175068951
60 12751.640175068951
61 12751.640175068951
62 12751.640175068951
63 12751.640175068951
64 12751.640175068951
65 12751.640175068951
66 12751.640175068951
67 12751.640175068951
68 12751.640175068951
69 12751.640175068951
70 12751.640175068951
71 12751.640175068951
72 12751.640175068951
73 12751.640175068951
74 12751.640175068951
75 12751.640175068951
76 12751.640175068951
77 12751.640175068951
78 12751.640175068951
79 12751.640175068951
80 12751.640175068951
81 12751.640175068951
82 12751.640175068951
83 12751.640175068951
84 12751.640175068951
85 12751.640175068951
86 12751.640175068951
87 12751.640175068951
88 12751.640175068951
89 12751.640175068951
90 12751.640175068951
91 12751.640175068951
92 12751.640175068951
93 12751.640175068951
94 12751.640175068951
95 12751.640175068951
96 12751.640175068951
97 12751.640175068951
98 12751.640175068951
99 12751.640175068951
100 2014.4816954452633
