0 679436.6248294184
1 679436.6248294184
2 326062.4058177057
3 326062.4058177057
4 326062.4058177057
5 326062.4058177057
6 326062.4058177057
7 326062.4058177057
8 326062.4058177057
9 326062.4058177057
10 295529.1211341068
11 295529.1211341068
12 295529.1211341068
13 295529.1211341068
14 295529.1211341068
15 295529.1211341068
16 295529.1211341068
17 295529.1211341068
18 295529.1211341068
19 295529.1211341068
20 295529.1211341068
21 295529.1211341068
22 295529.1211341068
23 295529.1211341068
24 295529.1211341068
25 295529.1211341068
26 295529.1211341068
27 295529.1211341068
28 295529.1211341068
29 295529.1211341068
30 295529.1211341068
31 295529.1211341068
32 295529.1211341068
33 295529.1211341068
34 295529.1211341068
35 295529.1211341068
36 295529.1211341068
37 295529.1211341068
38 295529.1211341068
39 295529.1211341068
40 295529.1211341068
41 295529.1211341068
42 295529.1211341068
43 295529.1211341068
44 295529.1211341068
45 295529.1211341068
46 295529.1211341068
47 295529.1211341068
48 295529.1211341068
49 295529.1211341068
50 295529.1211341068
51 295529.1211341068
52 295529.1211341068
53 295529.1211341068
54 295529.1211341068
55 295529.1211341068
56 222216.5220491467
57 222216.5220491467
58 222216.5220491467
59 222216.5220491467
60 222216.5220491467
61 222216.5220491467
62 222216.5220491467
63 222216.5220491467
64 222216.5220491467
65 222216.5220491467
66 222216.5220491467
67 222216.5220491467
68 222216.5220491467
69 222216.5220491467
70 222216.5220491467
71 222216.5220491467
72 222216.5220491467
73 222216.5220491467
74 222216.5220491467
75 222216.5220491467
76 222216.5220491467
77 222216.5220491467
78 222216.5220491467
79 222216.5220491467
80 222216.5220491467
81 222216.5220491467
82 222216.5220491467
83 222216.5220491467
84 222216.5220491467
85 222216.5220491467
86 222216.5220491467
87 222216.5220491467
88 222216.5220491467
89 222216.5220491467
90 222216.5220491467
91 222216.5220491467
92 222216.5220491467
93 222216.5220491467
94 222216.5220491467
95 222216.5220491467
96 222216.5220491467
97 222216.5220491467
98 222216.5220491467
99 222216.5220491467
100 2125.3600756286587
