################################################
                    DIMENSION 10
################################################

Función número 1
Solucion: [8.70974905e-08 1.47472900e-10 1.69283840e-08 5.38805133e-15
 7.87622757e-10 6.29964865e-09 1.02034445e-12 1.16502078e-06
 2.31804013e-09 8.28689004e-09]
Fitness: 19125254.19314305

Función número 2
Solucion: [-1.28966541e-13  7.29482528e-08 -8.42655709e-13  5.35699488e-07
 -2.42042488e-12 -1.82907900e-10 -1.64298561e-13  3.07858766e-06
 -7.12185217e-14 -5.33632687e-18]
Fitness: 1277803254.8504581

Función número 3
Solucion: [-4.73895332e-09  3.76693538e-17 -6.12284331e-07 -4.56843376e-05
  3.62289246e-11 -8.36101368e-07 -2.23837431e-06 -1.93111324e-05
 -2.15051801e-07  2.69759090e-13]
Fitness: 17094.05495811637

Función número 4
Solucion: [ 3.17841105e-08  2.93888427e-08  6.73085724e-06  4.39283375e-07
 -3.42640787e-17  6.94636391e-08  1.72298692e-05  4.80284868e-04
  2.50903969e-05  5.07848554e-06]
Fitness: 900.7614745834039

Función número 5
Solucion: [ 3.65780512e-06  2.57856222e-09  9.81001654e-11  1.59932873e-08
  1.01231621e-06  1.62553512e-07  5.24486633e-08 -8.66273457e-11
  4.71933790e-04  4.71933790e-04]
Fitness: 520.4580810520779

Función número 6
Solucion: [ 3.49997723e-13 -8.25854928e-06 -1.95213550e-02  3.59316918e-20
  1.80759305e-19 -3.57952522e-07 -5.43574784e-04 -1.60017231e-07
  8.71060359e-13  2.03969912e-17]
Fitness: 610.4332688500544

Función número 7
Solucion: [ 7.78054029e-08  5.42640583e-06  1.40519728e-13  5.64174072e-09
  1.20271672e-05  6.22526647e-04 -1.87940594e-11  5.93451337e-08
  8.60479415e-07  5.18133491e-04]
Fitness: 775.0931125518708

Función número 8
Solucion: [ 5.92372573e-09  1.88334096e-10  1.13507912e-06 -2.42065585e-07
  6.97678927e-09 -8.34805124e-07  1.18969505e-08  1.95252814e-08
  3.11444268e-13  3.67039530e-05]
Fitness: 877.1259355509899

Función número 9
Solucion: [ 2.62584096e-13 -4.83109269e-08 -3.27520805e-07  1.91558838e-16
  2.13676134e-13 -1.64157659e-10  5.77664531e-17  2.10857876e-13
  1.47891575e-12  1.01106203e-11]
Fitness: 963.4257193945185

Función número 10
Solucion: [ 1.27345437e-11 -6.25915839e-10 -4.25022872e-16 -5.83346171e-10
  4.00310230e-10  3.98217669e-06  1.35244066e-06 -3.44358847e-14
 -4.94412960e-20 -2.75940950e-13]
Fitness: 2141.3961544975928

Función número 11
Solucion: [ 5.34404584e-13  4.25152121e-09  2.17769541e-10 -7.28902874e-10
 -3.12910236e-08  5.21418336e-06  3.82152566e-07 -1.69170992e-12
  6.90356838e-09  7.58323781e-12]
Fitness: 2564.1244766525265

Función número 12
Solucion: [1.70537021e-11 1.17317062e-09 1.89905577e-10 6.92416747e-09
 5.92657346e-10 3.16961952e-12 2.98117428e-09 8.00760892e-09
 1.73963239e-08 2.98443227e-09]
Fitness: 1201.1815978582165

Función número 13
Solucion: [ 3.40644154e-12  2.19199526e-10  4.82259238e-06  6.33857025e-10
 -9.81694781e-11 -6.98076514e-09 -7.00648839e-09  1.03609827e-09
  4.60117742e-06 -8.39421676e-10]
Fitness: 1301.2601354484677

Función número 14
Solucion: [2.03951388e-15 8.32002909e-12 2.43926265e-09 2.20044112e-08
 1.88437551e-10 2.79327366e-08 3.69040173e-09 4.92715963e-13
 4.64109569e-07 1.73056915e-12]
Fitness: 1406.028171984755

Función número 15
Solucion: [ 1.30187973e-08  4.24552743e-10  2.40164274e-07  1.86461645e-07
 -1.97169903e-06 -2.46958874e-05  2.15745208e-07  4.22007533e-07
 -3.86675201e-07 -3.71464199e-07]
Fitness: 1517.1137779069854

Función número 16
Solucion: [5.71448579e-09 3.62248982e-06 1.30437316e-07 4.47293458e-16
 7.50722987e-07 3.06357042e-07 1.74659425e-06 6.31972633e-07
 2.55236708e-09 1.50126589e-06]
Fitness: 1603.8425228866638

Función número 17
Solucion: [-7.25455197e-10 -5.29619077e-11 -7.16528829e-08  9.52567922e-09
 -2.62161890e-14  1.54553334e-05 -1.54348805e-07 -1.76807088e-10
  1.23510862e-04  9.64135514e-06]
Fitness: 179565.89932295526

Función número 18
Solucion: [ 1.56554266e-04  9.25042151e-09  8.92162535e-09  3.35578917e-06
 -3.58838465e-11  4.42235678e-07 -2.21487988e-11  3.92642403e-06
 -5.64701755e-14  5.60516972e-05]
Fitness: 14813.744641161953

Función número 19
Solucion: [-6.19327969e-08  8.60398170e-11 -5.02463503e-07  1.21869166e-08
  6.72741904e-09 -9.71797728e-09 -3.31967018e-10 -4.05479957e-10
 -2.36469214e-10  1.28138556e-05]
Fitness: 1915.2883040841562

Función número 20
Solucion: [ 6.21421392e-15  1.50441262e-13 -2.65554742e-04  2.33004088e-11
  5.80749758e-12  4.28814015e-13 -5.41389099e-06  1.43910930e-11
  4.18996973e-11 -3.38544319e-04]
Fitness: 10593.977531775377




