################################################
                    DIMENSION 10
################################################

Función número 1
Solucion: [-49.0504381   16.52488514  51.49686954  98.73222712 -55.0845529
  39.08501063  12.86806714   7.61793224  -4.02505203 -87.55408667]
Fitness: 2061.4048137067375

Función número 2
Solucion: [-49.05079082  -3.28520594  30.99666842  -2.80432119 -55.08515103
  63.29264013  12.55895728 -23.39077453  32.59015791 -61.26485253]
Fitness: 2026.51710201147

Función número 3
Solucion: [-49.05039446   5.99720386 -56.84824088  42.04241864 -55.08447796
  76.85360017  13.20099948  41.61138827   2.53624942 -74.58847945]
Fitness: 2016.5289419323

Función número 4
Solucion: [ -49.05058991    1.40126671   21.38369749   51.83229574  -55.08481048
   55.59085312   31.18596438 -124.57754317   23.07936671  -80.96958632]
Fitness: 2226.3033540052675

Función número 5
Solucion: [-49.05070107   4.70546941 -17.7157344  115.87304328 -55.08499993
  49.45191448  31.94036654  21.60056555  45.62498696 -64.73969732]
Fitness: 2053.8952099953353

Función número 6
Solucion: [-49.05053164  37.10476839  38.41078992 100.58894345 -55.08471196
  50.67138583  20.59485256 -73.8702189   24.05587222 -84.37868146]
Fitness: 2138.8317647549234

Función número 7
Solucion: [-49.05055016  10.77524206  48.02250087  45.95639488 -55.08474366
  70.08037885   5.82382399  27.33722677  32.27182922 -88.68009499]
Fitness: 2027.0060000964509

Función número 8
Solucion: [-49.05077283  -2.05018803  28.36904817 -36.55735537 -55.08512297
  45.82272429  23.35112965  -2.88088118  44.31070374 -63.63928573]
Fitness: 2015.5687058158

Función número 9
Solucion: [-49.0506202   -1.73491041 122.09523574  75.13561032 -55.08486194
  40.07287912  35.35758407 -39.49452159   5.29133031 -73.24349302]
Fitness: 2104.5576965136975

Función número 10
Solucion: [-49.05054769  11.22248999  85.37724696 105.06708639 -55.08473892
  41.2720286   32.7708707   28.62460917  38.72464769 -61.15446597]
Fitness: 2077.900484825738

Función número 11
Solucion: [-49.0508114   12.13165088  44.22931862 -51.33900596 -55.08518792
  78.03990604  15.27343457  12.35458892  47.14764195 -66.43257617]
Fitness: 2020.8034468683518

Función número 12
Solucion: [-49.05061399  -6.14283423  48.09478817  22.62291455 -55.08485172
  47.36038369  38.13523476   4.46368074  22.90564792 -69.44537098]
Fitness: 2031.5828380304795

Función número 13
Solucion: [-49.05054641  23.13674264  70.05446295  94.35855391 -55.08473755
  61.07833596  16.53605594 -20.52982126  37.84461622 -61.00421905]
Fitness: 2070.181843817319

Función número 14
Solucion: [-49.0507976   17.7967621   88.2195542   68.80240181 -55.08516378
  48.507091    23.11365657 -60.50132194  14.99998872 -73.29048139]
Fitness: 2097.879889488911

Función número 15
Solucion: [ -49.05076287    0.690905     58.84617413 -106.33391367  -55.08510464
   44.89309553   24.55535584   14.97316871   21.77922359  -75.67639457]
Fitness: 2052.4755028565583

Función número 16
Solucion: [-49.05034181  29.38472488  33.01662607  79.7710734  -55.08438773
  62.7238017   20.9200773   12.88730899   7.15151926 -72.71439742]
Fitness: 2037.1493164335468

Función número 17
Solucion: [-49.05067772   0.55391846  50.79238844  33.03178303 -55.08495982
  41.89950265  32.77819527 -38.91694073  23.7444514  -82.90001505]
Fitness: 2053.275631557255

Función número 18
Solucion: [-49.05114258   5.61294906  81.26579532 -36.75027378 -55.08575016
  41.31433902  34.02842978 -21.06112933  -3.50499114 -82.62406608]
Fitness: 2045.0720319536167

Función número 19
Solucion: [-49.05079871  15.84352133  -3.56130812  63.02792488 -55.08516513
  67.78958732  17.20687328  35.26147776  23.18322977 -91.87337289]
Fitness: 2017.8625788164115

Función número 20
Solucion: [-49.0506043    1.96603986 153.80381893  45.56736839 -55.08483504
  46.03411487  32.92586815  -9.01754945  22.13756731 -78.24333895]
Fitness: 2111.623559976766




################################################
                    DIMENSION 30
################################################

