################################################
                    DIMENSION 10
################################################

Función número 1
Solucion: [-44.52045447  12.69583545 -21.75553509  61.83612557 -47.38211485
  46.88981351 -21.34852766  68.19623861  15.03231896  60.7916391 ]
Fitness: 2218.3471922181725

Función número 2
Solucion: [-44.91670848  26.09145399  22.43116037  29.96274957 -48.05588872
  56.02722321   0.60013999 -59.92153864 -49.23073605  71.11579508]
Fitness: 2260.8093211105524

Función número 3
Solucion: [-31.1892785  -12.63367533 -32.2797265  -86.52337019 -24.71493485
  65.36263666  41.42959718  15.51048004  21.36353496 -29.2582534 ]
Fitness: 3427.737910539335

Función número 4
Solucion: [-21.41842138  30.78420057  28.90010471  -6.92031625  -8.10135381
  44.86311339  -5.15727395  71.10622818   4.10247191  62.23810943]
Fitness: 5106.224716120794

Función número 5
Solucion: [-48.81513829 -35.89238299  56.87341532 -91.20854324 -54.68447143
  65.68378452  23.58169464 -53.42311048 -53.6594353  -22.10277802]
Fitness: 3005.4540000694933

Función número 6
Solucion: [-2.96780991e+01  9.22935141e+00 -3.36931093e-02 -8.64771831e+01
 -2.21454692e+01  2.63222869e+01  2.20847130e+00 -9.73427993e+01
  2.13813853e+01 -9.44269330e+01]
Fitness: 3837.5257990575583

Función número 7
Solucion: [-49.01592637  34.17569331  -2.73688458  83.11251494 -55.02587687
  64.06147309   9.94277345 -55.23274202  84.29098484 -66.24670677]
Fitness: 2159.7532777402853

Función número 8
Solucion: [-53.9472413   19.30547882 -70.64339264  96.50036542 -63.41067186
  77.53858839   9.19016016  -2.09942531  99.99978915  85.19354857]
Fitness: 2314.8314102595277

Función número 9
Solucion: [-41.73972595 -25.28433213  96.57080521 -68.38245303 -42.65446266
  35.40501696  58.51104608  41.51513091  25.38161048 -26.58556317]
Fitness: 4135.617399611295

Función número 10
Solucion: [-48.65277586   8.93098488  34.94842855  96.23570441 -54.40842279
  99.98115758  -0.52192154  66.61405635 -47.60361403 -42.78311767]
Fitness: 2322.3443711552454

Función número 11
Solucion: [-53.72020189  56.51727096  77.00995942  47.09940691 -63.02465407
  34.95170316  31.22175214 -37.29661261 -25.88834965 -63.6545985 ]
Fitness: 2321.291703597579

Función número 12
Solucion: [-30.15595434 -14.47257093  21.50671044 -64.65126223 -22.95805423
  31.94940112 -21.2640546   12.12474918 -72.66661278  79.14716462]
Fitness: 3961.4794965325427

Función número 13
Solucion: [-59.37048972  17.21199576 -82.633992    47.94561281 -72.6319137
  63.27628387   4.78369431 -13.57997002  99.41088118  39.7461227 ]
Fitness: 2573.9499848399873

Función número 14
Solucion: [-37.00956025   2.59418501 -49.22344058  46.51361126 -34.6110979
  50.43398252  49.35961717 -79.4756689  -58.24352972  41.95652299]
Fitness: 3000.570137558936

Función número 15
Solucion: [-47.79912075  12.06609282 -37.48497653 -51.4778415  -52.95693874
  44.13791313  33.66608732  41.46472409  93.74145323 -58.03948803]
Fitness: 2051.1709049979554

Función número 16
Solucion: [-36.24888391 -19.73657523   0.80498399  -3.68175923 -33.31799891
  35.47176844  12.34760104 -14.29412984  27.94904904 -85.92124871]
Fitness: 2995.821142116674

Función número 17
Solucion: [-54.31214856  54.16009428 -34.72033663  43.11698137 -64.03100367
  48.6272144   10.60261516  98.50844996 100.          77.63746676]
Fitness: 2293.8600694495153

Función número 18
Solucion: [-28.69921078  44.93863012 -26.47946105 -89.83116183 -20.48108712
  29.59387558   4.80819857 -94.12960197 -80.46314118  -1.24715878]
Fitness: 4598.847626377086

Función número 19
Solucion: [-29.39740365 -23.13217687   5.30484752 -58.31455978 -21.66777916
  41.84038624  69.09598297 -43.53029681  99.54246876  38.83434705]
Fitness: 6084.619481765053

Función número 20
Solucion: [-50.24398215 -14.27016289  48.15556853  -5.16460361 -57.11408451
  32.41036956  35.2627132  -18.4831218  -27.31971968 -77.24060317]
Fitness: 2244.1493358349167




################################################
                    DIMENSION 30
################################################

Función número 1
Solucion: [-26.79238432 -13.59743378 -95.01922096 -37.97215813  75.56632316
  19.5300454  -82.15495014  20.8412682   95.72242581 -51.11530051
 -35.99867549  52.74406123  65.50905426  75.61049185  -0.87226412
 -49.18246171 -69.27531211  28.12160239 -27.06390334  18.7032739
  49.23943635  47.28784113  64.82542602  30.19211148   9.34828844
  28.55370463  16.47675091  11.94837281  53.07132988  -7.6861567 ]
Fitness: 37414.97801013075

Función número 2
Solucion: [ 79.89105786  99.96263202  89.42428582  35.22710197  99.98669496
  10.84679202 -47.60189523  20.2758678   58.86495276 -66.39407474
   1.26399479  49.07893061  99.94174187  64.38076879  62.01154774
 -23.82959547 -31.93010996  98.20806007  91.89046075  30.83689183
  99.97661069  53.41774572 -52.00470628 -64.44230578  23.05421965
  66.60977221 -39.90569748   1.88943358  41.61338389 -42.46403502]
Fitness: 11148.14895630573

Función número 3
Solucion: [ 78.02549546 -13.84259831  99.97679166 -64.65875534  17.32385848
  22.92934912  64.64779665  54.31739703  86.46600787 -47.08357829
  72.14226393 -22.47309483  -9.65910002  96.84039557  99.98899049
 -18.22510133 -64.40210306  73.57149505  46.90272245  99.99506398
  17.32125853  74.19949789   5.07115417  61.6898919   85.05679375
  41.05145949  77.58170487  99.98972929  15.43152405 -45.07062285]
Fitness: 28864.61235238106

Función número 4
Solucion: [-63.34868684 -16.25499324  -4.94569761 -29.04051589 -67.71481457
  81.18889235  99.99230692  -6.01172139  99.99230692 -62.13704589
  28.15705506  60.89201757  40.39239796  44.89025347  13.76605299
  -3.27094601  -1.16539968 -72.62077501 -24.98645551  18.02879284
  66.3259341  -25.84094643  99.99230692  99.99230692  49.61181664
  79.40704434 -41.3705392   23.34472661  72.18423131 -11.06595635]
Fitness: 34350.837291865624

Función número 5
Solucion: [-31.80780508  25.18503947 -90.38657097 -96.9693498  -94.25189432
  45.19154107   1.40442963  23.63916697 -41.31109166 -40.0691326
  59.79016739 -83.85864826  13.00052167  48.31154154  41.26566412
 -16.28871677 -19.79904848  39.48395982  17.9720198   70.30980449
 -19.50166643 -13.85698928 -22.13250909  33.97569908  -7.62940349
  34.1669928   63.19764674 -70.56666044  53.1013381  -51.4488711 ]
Fitness: 18718.126060349994

Función número 6
Solucion: [-93.6523698  -57.55824373  94.64844498  54.799663     2.42761538
  57.37112862  95.51694445  34.99110374 -26.51784468 -65.03195734
  -3.65909567  18.20926055  86.53122786  35.9633427  -36.44657508
   9.48647992  96.56513041  47.34740742  79.11499007  42.16429583
  96.39300871  37.37580751 -55.49182759  16.04819628  -3.12132877
  96.1531075   97.8911792  -62.39606466  34.13316977 -63.82163015]
Fitness: 42018.97134971981

Función número 7
Solucion: [ 46.4084969   34.24887778  47.96186758 -53.43856712  -9.42783498
 -17.23773373  38.13808322  27.11433595  -9.13296907 -71.26946645
   2.74899823  24.17664764 -49.66233776  26.23649611  36.35419814
 -20.27522425 -12.4569931  -92.87848681  55.89513525  46.99662551
  58.11099017  19.13355946 -17.48308755 -30.07832025 -61.83597669
  35.35881241 -93.03219913  -8.70136553  58.45179758 -23.60743141]
Fitness: 6661.623590241481

Función número 8
Solucion: [-70.59374874  48.96266159  57.84306279  56.47578673  73.62301376
  39.75823456 -48.16718372  89.17227346  37.56067211 -81.88910449
  39.79393542  69.24189796  88.56780086  25.23862385  31.99681777
 -21.8465217  -99.99820837  34.23669222  11.97836463  66.91397672
 -42.35316073  51.80338764 -13.72901395 -61.83240364 -24.84850128
  35.97515898  72.34786557 -74.03620826  18.26667957 -54.66993001]
Fitness: 30906.30322936543

Función número 9
Solucion: [ 27.90887166 -30.60830345 -11.65674181  56.22833771 -15.56976859
  58.31411615  78.68521023  41.5792337   15.64720804 -32.73686142
  46.93985665 -55.34531155  43.99450088  96.59189091  29.92017578
 -53.07717565  80.67577276   4.99320505 -18.56083443  27.86144853
  74.76450507  16.24731171  45.65942738  85.26637994 -80.74650749
  33.79836991  15.86136814 -10.7340471   46.82355538  12.42623263]
Fitness: 34331.56797009756

Función número 10
Solucion: [ 59.55300872 -76.41541039 -30.71258174 -77.88502547  49.77332556
  95.97718784  29.41573903  39.25362413  47.00335389 -46.03919808
  94.70123764  14.26839043  11.91063873  53.8461543   15.60624481
 -62.3511999  -83.30457499  98.52345052  54.51328542  55.75707576
  99.99966986 -11.72633117 -67.66163337  29.14259959  62.46447763
  59.587501    47.23175422 -55.2276825    8.08552156 -40.90350141]
Fitness: 45135.65564599166

Función número 11
Solucion: [ 15.29261114  28.93739215 -28.4040423   19.4235251  -35.53698488
  16.76782588  -6.61998954  12.42714858   7.2397562  -59.92672114
  39.50246222  -0.08716232  15.23240458  58.19646228 -11.95277243
  38.69043123  27.82689091  64.43721086  55.85123614  39.75953553
  40.17622383  39.1768792   71.11114131  57.28551955  74.34191637
  64.14469854  30.6911679   56.48367429  43.11470575  10.32691366]
Fitness: 19627.30108062383

Función número 12
Solucion: [ 26.97888191  84.02912751  83.75940143   8.23607275  63.57779375
 -15.61583092 -15.63314518  47.4189888  -63.0385089  -67.90804411
  -9.41291625  10.0261012  -42.14825095  26.99197897  51.65324055
   2.49746659 -56.55127404 -50.41221535  76.83087392  52.32637076
  42.00379968 -19.30868815  19.45915451  74.86990562 -10.02878222
  49.38615836 -21.01628073   4.92581302  38.17729796 -23.77551502]
Fitness: 14867.591428640524

Función número 13
Solucion: [-11.62288418  27.62313016  58.95447177  83.45535383  34.24708768
  47.5171884   76.46381792  16.88243766  30.81413446 -48.94142707
   1.23143433  92.14575416   2.44462355  58.56445261  21.3611668
 -31.55700967  45.97243987 -22.46842691  60.13970368  61.39595653
  23.55417552  -3.22877302  50.62600227 -45.94768656  86.57011339
  41.51332474  81.74930282  20.40342606  60.92139958   0.70779911]
Fitness: 14095.875224913543

Función número 14
Solucion: [ -4.34868714 -29.4282963  -20.85427273 -99.9986809   48.30941868
 -13.93605213 -15.99265334  30.241702    29.64598591 -22.17479635
  22.53832231  39.41490731   9.1657136   47.89876863 -65.82026178
  26.27359737 -99.9986809  -30.58860414 -21.23102822   3.39758739
  48.35558455  26.63409892  49.53402512 -99.9986809   20.093683
  44.88192915 -99.9986809  -61.74812809  32.61191792  12.9409073 ]
Fitness: 58113.81694961886

Función número 15
Solucion: [ -1.18861575  84.22144653  -1.00027168  91.61412128 -51.15361548
  52.28406143  50.67341053   3.70368144 -50.98876432 -50.42251239
  -4.78112327  52.66276594 -75.79325693   1.74493139  96.13420145
 -13.67796711  52.25203955  -8.74271129  57.20392499  99.95073066
 -45.61093907  -1.45283069  99.98800794  -6.0340606   36.65550439
  63.46978344  12.68089255 -55.33358218  35.11524576  -4.02733379]
Fitness: 51452.94695670583

Función número 16
Solucion: [-16.35235464  47.28882984 -42.81101476   3.3793558    3.8859457
  11.58429854   0.20145883  56.5924173   20.33767687 -82.03053099
  45.32093234  71.53419327 -34.24548657  12.44709035  46.28138417
 -11.43953765   2.55757171  96.89132432  93.05813054  76.98317037
  25.05686263  37.66627299 -16.20375663 -23.44469967  25.3786468
  22.93133044 -22.17392641 -46.31787584  75.92391523  -6.61200382]
Fitness: 14547.37914681273

Función número 17
Solucion: [-28.03006682 -45.76377785  -8.82129766 -48.30228542 -40.75805034
  61.90199629  35.41101417  18.93671237 -11.33994026 -81.32235261
  13.1080054   16.22125509 -30.32253183  60.38694178 -48.64868989
   2.10561376  96.72929443  65.68716331  49.5413216   27.35293403
  87.0757251   16.86557542 -43.63325243 -10.92191494   2.45469263
  68.48528162  31.74008566   7.01427852  72.07373918  30.3329003 ]
Fitness: 39684.82272243518

Función número 18
Solucion: [ -1.0420774    6.79853218  -5.50998291 -90.6295173   76.2423637
  22.51354465  32.03749796   0.87838689   7.90875131 -72.48498651
  56.68215883 -44.36796076 -13.62491997  59.69261064  66.29558794
 -13.56230476  58.52911972  89.64261706  95.08404364  93.96137793
  34.13327068  -5.32873143  31.24325514  72.3388776  -64.61359887
  48.73835651  77.95614858  -1.70642494  -1.14680731 -20.76498024]
Fitness: 11212.730580455958

Función número 19
Solucion: [ 97.05116186 -19.72116133 -83.15881504  43.30311563  17.62987894
  20.960446   -52.9749016   64.48241419   4.2534947  -94.29027269
 -23.68610804 -78.3335847   -8.35184901  54.82426256 -55.73528933
  -9.86240603   5.94876293 -44.19436927  23.07525901  52.15180857
 -16.23636274  35.85988639 -37.47812476   4.01507762 -39.80318063
  58.5833907   49.03920184  50.44130415  58.49458064  58.6065972 ]
Fitness: 60637.69199868373

Función número 20
Solucion: [ 18.92813218  42.6264858   22.64413845  71.48286936 -30.60321443
  27.87050715  61.5427468   18.3719982   76.98047323 -65.91690077
  60.46031704   5.05853738  79.71817488  24.02526813   3.48034432
  33.70797493 -36.92505194 -95.26510444  46.31978989  58.17891789
 -11.00436708  47.8638202   89.22351914 -75.18894755  -4.01377183
  36.12746911 -91.38137307   4.74272322   1.8414752  -92.90090784]
Fitness: 19595.01257659609




