################################################
                    DIMENSION 10
################################################

Función número 1
Solucion: [ 4.47292902e-13  1.27843296e-13  2.06364348e-14  5.06184031e-09
  1.21404841e-11 -1.76649230e-04  2.32594213e-09 -2.45521212e-08
 -1.59013452e-05  7.63444444e-13]
Fitness: 8775.810118482563

Función número 2
Solucion: [-4.56997351e-04  2.92148379e-10 -1.22004926e-12  3.85434230e-13
  6.21823978e-10  1.73890878e-12  1.60839348e-10  1.62384567e-10
  1.68509312e-13  9.85434614e-12]
Fitness: 15517.854188640635

Función número 3
Solucion: [-2.93852617e-06 -1.05813929e-06 -4.49892315e-10 -8.06023503e-09
  3.39353182e-09  2.05956772e-09 -2.68286193e-12  5.20748054e-12
 -3.52228656e-10 -9.94837790e-12]
Fitness: 13678.032324997383

Función número 4
Solucion: [-1.84664971e-06  4.78516368e-11 -1.44478766e-07  1.12617662e-14
  4.17437976e-09  8.96271348e-08  3.01994462e-10  2.60244634e-12
  2.92847200e-07  3.16658344e-09]
Fitness: 3246.944869311389

Función número 5
Solucion: [ 2.04113820e-03  6.50442484e-08 -4.16072265e-09  1.49157157e-04
  2.04113820e-03  2.04113820e-03  1.45909125e-07  1.13488991e-05
 -1.83561006e-11  1.30821208e-03]
Fitness: 10798.561714065629

Función número 6
Solucion: [ 4.90522761e-13 -1.81926991e-10  5.83780226e-15  2.26318535e-09
  2.97309224e-11  2.49500056e-11 -2.63899523e-11 -1.02907816e-12
 -1.78222397e-09  4.04024895e-07]
Fitness: 15304.995271478612

Función número 7
Solucion: [-6.36217715e-05  4.43890793e-09 -2.09028271e-06 -7.85254904e-04
 -5.68450228e-04 -2.31102918e-04  6.40005449e-12  2.33291891e-12
  1.49159153e-13  1.51933604e-11]
Fitness: 8062.74088438781

Función número 8
Solucion: [ 1.67239282e-14  2.90245392e-14  3.97429057e-17  9.01828952e-16
 -7.19681533e-10  3.08158568e-11  8.14056550e-13  1.74026718e-11
  1.09988854e-14  5.32414104e-15]
Fitness: 38435.00038024111

Función número 9
Solucion: [ 3.19501856e-13 -5.22612699e-09  1.24311444e-09  6.21219110e-13
  2.33518544e-13 -3.82806841e-06 -7.16858986e-07 -1.41590084e-08
 -9.12431539e-09 -7.29303828e-08]
Fitness: 10589.599633612952

Función número 10
Solucion: [ 7.67105617e-05 -3.81674906e-08  1.06541227e-07 -3.53685314e-08
 -2.14748052e-10 -8.77626562e-13 -3.47265421e-10 -2.68116427e-08
  9.09885379e-04 -5.08095533e-08]
Fitness: 13598.068249735677

Función número 11
Solucion: [ 6.37682839e-09  5.88345450e-10 -8.03948243e-07  1.31049508e-14
  1.76240481e-12 -1.14587814e-05  3.18524942e-09  3.30372000e-12
  8.58265780e-18 -3.28312346e-10]
Fitness: 10162.497990457163

Función número 12
Solucion: [-1.64104820e-09  3.42649981e-12 -6.90837402e-06 -2.30125447e-04
 -9.91226448e-05  8.94743849e-15 -6.34320278e-04 -4.73261644e-05
 -1.65929199e-08  2.85553015e-12]
Fitness: 8773.101779604463

Función número 13
Solucion: [ 9.64196493e-05 -1.18170730e-09  2.77798870e-03  2.53196360e-05
  8.72167817e-05 -1.15977069e-09 -4.86237622e-08 -4.85409723e-07
  1.16636776e-07 -1.16171553e-09]
Fitness: 7735.798404800381

Función número 14
Solucion: [-1.47492097e-11 -1.19319562e-12 -1.42043902e-14 -3.70349953e-17
 -1.54187601e-11 -2.20704082e-12 -3.07003420e-11 -1.07765093e-15
 -8.39387409e-12 -1.17770160e-11]
Fitness: 4896.689990885554

Función número 15
Solucion: [ 3.23318668e-14  3.90262258e-09 -5.36790685e-07 -1.55876906e-05
 -1.50647341e-06 -6.67990585e-12 -7.49171813e-07 -1.93868041e-05
 -2.26390171e-08 -2.35433711e-07]
Fitness: 6381.958553120029

Función número 16
Solucion: [ 2.41883747e-07 -1.52260058e-11 -1.16143296e-11  1.33187547e-03
  5.27940492e-08 -2.79740449e-09 -5.53330471e-13  1.07793527e-05
  2.92301995e-06  8.11787910e-07]
Fitness: 11741.677514331066

Función número 17
Solucion: [ 4.27673928e-04  3.79507315e-05  1.46806988e-02  1.29938963e-04
  5.22939463e-04 -1.89562643e-10 -2.35002859e-14  3.06577455e-07
  1.69282574e-02  6.13289018e-07]
Fitness: 13979.10587204965

Función número 18
Solucion: [-5.52158724e-05  2.71848448e-06  9.88351958e-14 -4.02503822e-10
 -1.06363042e-05 -3.10870559e-05 -9.72811882e-06 -1.81104884e-06
 -2.29651572e-08  1.06887223e-12]
Fitness: 8809.739247819922

Función número 19
Solucion: [ 1.25341678e-06  4.92053935e-09 -1.26615716e-07  1.65232606e-12
 -1.53338540e-05 -3.90385614e-08 -5.67533276e-11 -1.58330317e-12
  6.28481111e-07 -3.13200355e-11]
Fitness: 12538.220616245228

Función número 20
Solucion: [ 1.31002937e-06 -3.61921333e-08 -1.16979817e-08 -3.46284547e-08
 -1.01110526e-10 -3.06448317e-08 -4.80938489e-07 -3.33507479e-06
 -3.11280839e-09 -5.28203295e-09]
Fitness: 21698.348562879677




################################################
                    DIMENSION 30
################################################

Función número 1
Solucion: [ 5.07556401e-29  3.29691403e-22 -9.27839475e-29  1.98638070e-33
 -6.49989293e-22  2.54224074e-44 -1.57162388e-25  7.63498634e-31
  9.12271812e-30  1.48144934e-39  2.28333607e-26 -7.43201638e-30
  2.69062259e-38  8.89660898e-33 -1.08294344e-27 -1.24529208e-13
  8.65448129e-38  7.82121605e-27 -5.56670358e-22  4.56671514e-38
 -2.03772187e-21  1.53888393e-21  1.73919811e-31  6.68625399e-26
  4.85776666e-34  5.04641417e-24  3.28762676e-30  1.04965890e-34
 -6.40332242e-30  1.87218416e-29]
Fitness: 216392.4930267448

Función número 2
Solucion: [ 7.14324092e-26  1.68497437e-26 -1.54520127e-24  6.72440764e-24
  2.12291431e-29  7.55224967e-29  5.73824222e-28  4.69918548e-28
 -3.27751709e-26  4.27610553e-32  3.18736480e-23 -2.79367740e-28
  4.15742979e-26  1.90324878e-31 -1.63425185e-27 -1.41591713e-27
  1.89274426e-23  4.16015516e-37 -5.60067228e-27  5.30772855e-26
 -8.75669366e-22  1.34527601e-32  1.89992758e-29  1.13105583e-24
 -2.15688185e-27  3.88224501e-39  7.53804269e-25  1.65573872e-22
  7.36792400e-37  1.30778869e-31]
Fitness: 37857.36449663104

Función número 3
Solucion: [-1.23277502e-29  2.61687452e-19 -1.96773640e-25  8.95748063e-37
  7.94453884e-31  3.80731192e-25 -9.47581935e-26  5.31973729e-30
 -4.64120960e-32 -5.09132874e-33 -1.53596106e-28 -8.76661625e-36
  4.96913151e-31 -4.48882007e-29  1.53096465e-25 -1.16498613e-20
  1.53782386e-33 -2.94168841e-31  3.22592641e-31  8.51149838e-21
  6.06964386e-34  1.75601734e-28  1.79537243e-24  8.29785995e-31
 -1.89250550e-26  1.33536019e-24  2.17640237e-32 -5.51195684e-34
 -2.59757264e-32  1.16696625e-23]
Fitness: 117839.26362771197

Función número 4
Solucion: [ 5.67808657e-32  5.40342028e-27  2.67302159e-35  2.47676542e-36
 -1.14181193e-23  1.84604629e-33 -4.86449602e-35  9.48110864e-37
  4.15142230e-31  7.01588933e-31 -1.85833350e-31 -2.73167348e-28
  3.65714865e-35  3.11311598e-25 -5.47495369e-27  2.96054616e-29
 -8.77729944e-33  2.16938135e-33  2.28302017e-27  1.08039070e-37
 -1.58241780e-24 -2.62191270e-36  3.77801679e-40 -2.28209558e-35
  1.34568198e-44  8.28263258e-35  4.45565487e-42  1.36063878e-31
  1.17639408e-36 -5.87731937e-30]
Fitness: 117235.93992515792

Función número 5
Solucion: [ 1.02180921e-29 -4.15318809e-27  1.26136227e-20  1.24523563e-25
  8.83790921e-20  1.63677280e-20  5.00612146e-21 -2.83643407e-32
 -3.28813535e-18  1.18016456e-20  1.04190168e-25 -5.92270704e-18
 -5.08200470e-19  2.17837037e-27  1.34724151e-30  1.43394531e-26
  8.85749599e-21  9.45959283e-34  6.45145622e-29  7.38154083e-26
  1.93992252e-27  8.57479287e-25  3.78392370e-21  8.21550555e-32
 -1.61101454e-22 -2.43648425e-22  1.24147898e-25  1.99447855e-23
  2.34048799e-23 -1.82619612e-23]
Fitness: 166812.46640641542

Función número 6
Solucion: [-1.37535543e-31  2.26737844e-17  7.50786768e-22  9.24428616e-24
 -7.20603144e-28 -3.33840997e-36 -1.14352793e-28 -9.21064418e-32
 -2.82007893e-35  1.29658233e-20  2.75713703e-19  1.00320584e-23
  2.95408581e-23 -4.89766166e-29  9.60672778e-19  8.48050332e-21
 -4.48768933e-31  8.15411719e-23  6.07104228e-27 -5.49217578e-28
 -2.28847994e-27  1.84701885e-23  2.68741413e-24  2.79079019e-26
 -5.76333651e-27 -3.04577319e-35  2.10463581e-23  2.40942046e-20
  4.04207535e-25  2.19170878e-23]
Fitness: 79859.65433283962

Función número 7
Solucion: [-3.50685700e-25  3.09265899e-21  1.07281407e-26 -3.48455462e-35
  3.37959611e-28 -2.76368461e-27  1.31845866e-26  1.32615474e-29
  3.65796339e-28  1.03670956e-27 -5.17319526e-31  9.48958125e-20
  4.18723881e-31  7.80245002e-31 -2.91236820e-23  2.43306181e-28
  2.35365763e-20  1.42232572e-23 -1.58054276e-26  5.53847812e-24
  2.16120615e-29  1.37722026e-30  5.01390316e-28  4.80250390e-31
  6.17106670e-27 -2.04727968e-27 -4.74432677e-34  1.76752871e-24
 -2.26378592e-23  2.87712868e-25]
Fitness: 141779.3343916931

Función número 8
Solucion: [-4.39940529e-24 -7.96580379e-24  1.17854056e-34 -1.20222461e-22
 -1.11890587e-14 -8.45330438e-18 -8.55239346e-23 -2.77770427e-22
 -4.23056528e-17 -5.80428918e-17  2.72372811e-35  1.06744186e-34
 -1.10976371e-28 -1.12505046e-26 -1.50023624e-20 -7.12896792e-23
  3.67270456e-31 -2.46540763e-24 -8.54599959e-22 -5.03109612e-27
  1.62902129e-32 -3.38608506e-22 -1.28047862e-33 -2.42636199e-18
  1.63292994e-36 -1.74633905e-22  1.75890183e-31  1.79846860e-25
 -3.89946068e-21  1.25049279e-34]
Fitness: 56932.49657473321

Función número 9
Solucion: [-1.52443308e-29  6.62196008e-25 -1.02377410e-30  6.73768956e-35
  3.82839207e-34 -3.15245346e-35 -7.85728843e-37 -2.67750174e-23
 -3.58605078e-28  1.28264993e-27 -1.34245439e-38 -1.37053562e-36
  6.57002796e-26 -1.20004830e-32 -7.96667041e-33  1.28654179e-24
  6.44423568e-28  1.82836810e-24 -1.93009944e-29 -2.39626890e-19
 -2.16095429e-34  3.80770148e-33  1.46667167e-23 -1.19399859e-31
  2.13560995e-27  2.51001090e-30  1.77847812e-26  1.52376656e-25
 -1.34433706e-27  1.41991771e-23]
Fitness: 116210.06001077438

Función número 10
Solucion: [-1.26040879e-25  1.67551190e-13 -1.42356460e-28 -4.78313867e-34
  1.90455774e-15 -9.04611344e-33 -4.99719861e-24  1.73588967e-21
  1.81480949e-13  1.61493228e-13 -2.60556109e-25  1.33152006e-19
  3.59933925e-12  2.43293972e-16  3.63492503e-17  2.10472603e-21
 -1.79919059e-31 -6.37089823e-30 -3.33449075e-34  1.49062621e-20
 -5.71034270e-28  9.42881500e-22  3.42658574e-20  4.05651866e-19
 -1.69720651e-26 -3.52935998e-29  3.39244565e-17 -1.03936418e-38
  8.53847720e-20  1.03963472e-11]
Fitness: 54086.76726686434

Función número 11
Solucion: [-4.31328195e-29 -2.10932811e-26 -4.20748648e-30 -1.94120840e-32
  1.98728924e-33  6.12289698e-33  4.59785406e-31 -6.98885085e-26
  5.90301738e-29  6.07049314e-28 -5.48899489e-32  3.34953245e-32
 -6.48348290e-28  1.26993765e-29  5.37151294e-31 -8.78648987e-29
  1.54880708e-30 -2.71760347e-38 -3.17406333e-31 -2.42582796e-38
 -4.44584529e-23  4.59876101e-30 -4.21944820e-31  1.32955343e-38
  1.70602399e-25 -9.15361052e-28  2.02770723e-43  2.88690751e-25
 -1.00612443e-27 -3.89161617e-28]
Fitness: 94976.13848587431

Función número 12
Solucion: [ 1.70280377e-30  9.85763545e-23  4.62915082e-30 -2.29775324e-27
 -1.39768629e-32  7.07101669e-27  1.53946750e-35 -5.47977868e-27
 -6.11051780e-35 -1.71764657e-25 -2.11733423e-28 -2.92933208e-41
  2.08395814e-27 -1.18893994e-29 -1.20916126e-25  8.94143019e-18
 -5.22207310e-36 -3.39007621e-30 -4.63072787e-32 -8.41070080e-35
 -5.62936811e-37  3.56383638e-31 -5.67400478e-31 -7.60617567e-27
 -1.00304610e-37 -4.29932390e-32 -4.76536240e-25 -3.30011111e-29
 -9.58872204e-32 -4.59363398e-36]
Fitness: 92632.61869280666

Función número 13
Solucion: [ 1.69602685e-36  7.27010090e-33  2.85871417e-35 -2.51746242e-28
  3.62485403e-27 -6.40522230e-25 -1.14516480e-29 -2.80055259e-22
  1.88187112e-32  6.01168416e-33  2.31461312e-36 -4.51805200e-30
  1.99212686e-32 -1.99250147e-29 -1.02895713e-25 -2.23941688e-29
 -2.01772523e-26  2.05941557e-35 -4.86022360e-23 -1.08150983e-24
  8.93324166e-32 -1.31974154e-20  5.48683974e-38 -3.87241981e-32
 -3.79725923e-26  1.77736060e-38  4.06161064e-34  1.94891861e-32
  7.00531361e-31  4.65657758e-32]
Fitness: 103027.60678661494

Función número 14
Solucion: [ 8.67967575e-30  1.18616768e-26 -2.24461613e-28  3.34741658e-33
  1.55787419e-32 -6.94168266e-27  2.04356360e-28 -1.46252502e-36
 -2.21549147e-39  3.01035024e-28 -1.18244669e-30 -4.82916018e-34
 -4.82813340e-30 -7.68777281e-26  3.39904133e-23 -1.15607269e-30
 -1.35082108e-32 -1.30843792e-26 -9.70750292e-45  3.27191603e-29
  3.13380802e-29 -1.17389766e-26 -1.26533151e-41  2.59373592e-26
 -2.96032207e-30 -1.10495726e-26 -3.73903031e-29 -4.04521722e-25
 -5.71767541e-28  6.97446392e-36]
Fitness: 88712.82980270845

Función número 15
Solucion: [ 2.16649474e-34  2.89369397e-32  6.69945129e-33  7.39658599e-32
  7.08034444e-35  2.12169446e-36 -2.22830115e-22  3.16192442e-29
  6.61676059e-33  3.40869440e-37  3.06426363e-34  1.04038973e-29
  2.55193537e-37 -3.59288203e-24  1.69884715e-42 -3.35742836e-17
  1.89968256e-34 -1.49400182e-18  2.68858697e-34  3.85312186e-35
  3.63153055e-36  1.09649023e-39  2.13496865e-35  5.59133448e-37
  1.37627183e-36  9.48380367e-37 -8.71711177e-23  2.49700330e-36
  2.80288526e-32  6.47404587e-35]
Fitness: 69642.5228749845

Función número 16
Solucion: [ 7.95910507e-20  1.01552557e-15 -4.11217290e-24  5.51768770e-21
 -1.42779555e-23  3.84429796e-23  6.10038505e-19  1.34145060e-24
 -1.15517050e-29 -1.63436208e-17 -1.07543709e-24  2.32609481e-16
  9.52626036e-33 -2.16124887e-30 -3.46526269e-30 -1.20819827e-31
  1.09575210e-18  7.13214919e-24 -5.16488510e-26 -5.16416541e-36
 -2.85976806e-34  1.75353965e-22 -1.23338578e-24  8.10334489e-17
 -9.72929486e-26  6.84631719e-29 -3.00523255e-33 -9.82129402e-26
  2.60323959e-17 -1.57039390e-23]
Fitness: 19213.668798037368

Función número 17
Solucion: [ 6.77852382e-28  1.13020359e-20 -1.33808572e-30  1.14789055e-19
  1.85990118e-14 -3.84995230e-29  1.41035403e-17  8.93424558e-21
 -1.29763057e-27  1.27875001e-22  6.20704189e-30  3.56495775e-19
 -1.83071249e-34  2.76305687e-22  1.71283619e-20 -6.98513426e-31
  7.17433167e-27  7.64157441e-22 -2.37243694e-32  1.38266110e-29
  5.04845702e-25  8.74157405e-27 -6.72697907e-32  1.96637099e-26
 -5.04672034e-31  1.94393068e-19  7.09594078e-27 -1.04782803e-35
  9.87282485e-25  6.52490901e-22]
Fitness: 254475.8213197385

Función número 18
Solucion: [-3.47993198e-23 -7.16888258e-23  1.82959884e-22 -2.23837369e-20
 -8.61390584e-23 -4.56981884e-20 -2.94218698e-15 -1.87965934e-21
 -1.97582606e-24 -1.88384503e-27 -9.26304670e-21 -1.07001189e-24
 -8.73758783e-27  2.28095243e-27  3.04989440e-24  1.97932008e-25
 -1.00909464e-28 -3.15863826e-25  4.81929369e-28 -1.02215608e-19
 -1.66484365e-23 -3.64248852e-28 -1.36607766e-21  5.29018536e-29
 -6.51609383e-19  1.24065722e-21  3.43212829e-29 -1.96637941e-23
 -4.84239645e-24 -7.32083075e-19]
Fitness: 29714.761879658934

Función número 19
Solucion: [ 1.34243407e-21  1.42755397e-23  9.02280057e-18  1.18079466e-17
  2.96939655e-33  3.79508395e-22 -1.68062664e-36  2.52186787e-18
  6.79806274e-28  5.41239367e-16  7.13084970e-17 -3.13767869e-30
  6.01639067e-40  4.79975570e-28 -2.68504027e-20  2.84778819e-30
  2.00439673e-16  3.51461982e-17 -2.13009365e-24  3.54381485e-16
  1.08712372e-15  3.20115795e-30  1.54969322e-25  3.45470513e-22
  5.24602051e-18  9.45398984e-18  1.31239812e-17 -1.29360518e-33
 -9.81792957e-22 -1.93057842e-44]
Fitness: 164524.31648519487

Función número 20
Solucion: [-5.78178817e-25 -1.11555821e-30 -3.20424932e-25 -1.19991979e-22
  2.29525664e-36  4.51137635e-34  2.18515453e-28  9.23110734e-40
  6.77247110e-40  2.05274341e-36  2.23454648e-27  9.04914018e-37
  2.13021810e-35  4.56201844e-40  1.60447368e-34  2.99967826e-26
  9.38701030e-35 -4.01197102e-26  8.79239933e-32  6.29130577e-36
  5.80006571e-33  3.93444368e-34  3.81105757e-43 -1.84926734e-22
  1.91222255e-29 -1.53054651e-33 -1.86278243e-30  6.41547148e-31
  1.31396058e-27  3.54248096e-35]
Fitness: 67486.63591429174




