################################################
                    DIMENSION 10
################################################

Función número 1
Solucion: [-49.05139237   8.04537186 -26.15685193 -97.75130441 -55.08617569
  66.8847459   10.73339983  -9.15171837  28.46838781 -62.98430645]
Fitness: 2032.1809896126317

Función número 2
Solucion: [ -49.04787349   -0.23871145  159.94659549  -29.11819964  -55.08019373
   49.12105392   20.85642684 -198.27016058   49.61078107  -71.5238357 ]
Fitness: 2355.8268936415293

Función número 3
Solucion: [-49.05022655  11.44168178  88.07457503 115.47471389 -55.08419243
  40.72321223  31.22873601 -14.75715206  22.5005154  -70.50740068]
Fitness: 2090.9763599503317

Función número 4
Solucion: [-49.0518052    1.24883433  85.52168979  58.39077666 -55.08687755
  59.19341786  11.94499574 -17.120492    47.42263684 -66.80538099]
Fitness: 2055.7516128899697

Función número 5
Solucion: [-49.0504513    4.2780893  120.24864731  83.7543361  -55.08457499
  74.35013775  17.9404788    4.6754397   29.61718648 -62.34579441]
Fitness: 2091.2193677780124

Función número 6
Solucion: [-49.05068076   6.77080164 -36.80681171 145.73051829 -55.0849655
  53.62587995  18.97937923  83.66083118  16.87180391 -98.95495583]
Fitness: 2074.972896677695

Función número 7
Solucion: [-49.05070624  10.41229338  -1.25327245  52.25598677 -55.08500764
  45.58719072  17.194659   -19.94958907  27.83469304 -63.40000409]
Fitness: 2042.4297251905682

Función número 8
Solucion: [-49.05077496   2.64769364 119.5418586   18.05141846 -55.08512531
  46.65552705  29.98815563 -41.85829177  41.84553787 -62.17851886]
Fitness: 2077.5693632858656

Función número 9
Solucion: [-49.05029502   7.60245362 -24.52575881 -36.35919468 -55.0843089
  60.71054372   2.47543867  15.296669     1.3186874  -75.44947254]
Fitness: 2006.675319013453

Función número 10
Solucion: [-49.0501327   23.06067531  -8.28006142 -29.95906242 -55.08403308
  70.69347596  14.24673352  42.36518374  -3.02902666 -81.24712728]
Fitness: 2007.0534621385827

Función número 11
Solucion: [ -49.0503661     3.2490267    15.81479252  -60.18330842  -55.08442903
   66.40907707   15.94813508 -118.26904611   49.89555751  -77.08313443]
Fitness: 2173.712235728709

Función número 12
Solucion: [-49.05061195  -0.76354122 -12.64220075  92.16922362 -55.08484832
  46.66938949  -2.18268485 -99.84476623  21.76373321 -75.06220394]
Fitness: 2220.3847206845685

Función número 13
Solucion: [-49.05032245  15.88822932  85.98293035  56.23933222 -55.08435522
  46.20136894  24.1916436  -28.1641447   29.75115601 -62.28016318]
Fitness: 2061.672391583252

Función número 14
Solucion: [-49.05064799  25.7772518   82.26034436 -64.394491   -55.08490921
  54.3196701   12.33672203 -66.01658733  48.45811975 -68.49831146]
Fitness: 2075.8475987434626

Función número 15
Solucion: [-49.05097469   0.16190912 104.07583958  54.01820253 -55.08546483
  60.47412446   9.87594697 -45.26556614  41.07645603 -61.84983727]
Fitness: 2080.750898763285

Función número 16
Solucion: [-49.05060115   9.69979039   2.8570267  194.05412185 -55.0848301
  76.67757432  11.1459789   29.73399953  -1.9134126  -79.05804338]
Fitness: 2124.9302040988264

Función número 17
Solucion: [-49.05117151   6.60439272 103.08084454  81.66614253 -55.08579998
  39.34437886  34.00578538  -0.30807096  -2.39152892 -79.88437633]
Fitness: 2078.580962211415

Función número 18
Solucion: [-49.05050943  -3.46165064  68.3512306   56.30229315 -55.08467287
  55.44644158  17.29561301 -22.10292244  24.06201527 -67.28461439]
Fitness: 2050.5374725996526

Función número 19
Solucion: [-49.0509416    3.49599826  86.37303697  77.42090422 -55.08540801
  44.203164    30.91841053 -16.33370874  33.28975913 -61.11474827]
Fitness: 2066.1558300770657

Función número 20
Solucion: [-49.05068754  -3.27418247 104.0043998   77.35619688 -55.08497612
  52.47901537  25.14524434 -22.39280277  41.05021817 -61.8395607 ]
Fitness: 2078.7133203155445




################################################
                    DIMENSION 30
################################################

Función número 1
Solucion: [-6.74356565e+01  4.07073926e+01  7.81473919e+01  4.28225802e-02
 -4.41148807e+01  2.02894113e+01 -1.18124332e+02  4.11294922e+01
  3.07972170e+01 -7.06786127e+01  4.55025028e+01 -2.58743431e+01
  8.50110855e+01  3.25383509e+01  5.29809066e+01 -2.23398199e+01
  2.04408606e+01  3.66724683e+01  6.91496984e+01  5.36146067e+01
  6.32675241e+01  2.31190970e+01 -9.38623156e+00  3.90327582e+01
  1.15309728e+01  8.57059166e+01 -3.53179147e+01 -1.22556218e+01
  2.85283753e+01 -5.52278476e+01]
Fitness: 2222.5485424496133

Función número 2
Solucion: [ -52.78713219   40.70986105   21.66777317    6.50967353  -59.98740708
   29.75579843  103.86273053   39.59359356   18.0197805   -93.43962217
   14.1051871   -23.68391032   16.53089188   43.33078199   52.97853767
  -23.30560853   63.58591035   78.04855933   69.14865847   53.61236425
   63.26783275   26.64025111   -9.01010336   44.11489617    3.36446381
   87.73273955 -124.56770843  156.21441904   34.28054861  -55.22815912]
Fitness: 2512.8342154533134

Función número 3
Solucion: [ -55.73412196   40.70810922  -69.07572312   -3.10205009  -51.96873537
   29.02116169  109.79900875   39.8341215   -82.59932435  -58.3357739
   24.81298468  -21.97304367   61.59442587   56.78003054   52.98109466
  -39.71178118  -25.9354153   128.46559615   69.15012667   53.61481054
   63.2670855    -1.90547485  -17.94271267   33.49116984    2.31357538
   67.7464496   -57.10380363 -117.99959413   41.66949133  -55.22830986]
Fitness: 2246.9675953496053

Función número 4
Solucion: [ -55.90544742   40.70742146   64.73542727  -15.5868367   -46.62440128
   33.5654713    58.71435122   36.15726297  176.68889815  -79.64148116
   53.68405044  -10.76524795  -49.19778558   34.09728756   52.9796227
  -34.71008477  -85.06846701   80.18831368   69.14899514   53.61384441
   63.26753758   35.32355871  -18.18177521   30.79514022 -107.53251748
   48.57866757  180.05895099 -203.41456436   62.39567109  -55.22707451]
Fitness: 2459.107450198043

Función número 5
Solucion: [ -79.48237886   40.708114     42.53073595  -22.22489231  -60.45962237
   21.47561341   39.065563     47.05671658  110.48865921  -80.29619617
   30.42561391  -58.22664709 -116.09214244   44.58732645   52.97966674
  -21.96210458   30.80866989  -20.6862723    69.14645955   53.61244272
   63.2678235    28.23351327  -15.35844221   22.56871158   84.25008638
   86.90766518  -93.36802976 -135.42059349   29.79790395  -55.22760148]
Fitness: 2290.3438475323564

Función número 6
Solucion: [ -82.00467621   40.70743089    0.34926788  -20.8482023   -33.91871803
   46.56958221  184.15006287   26.66712196  -72.74127763  -60.14648507
   68.61225038  -31.18010289   97.85994119   48.7341234    52.98097203
  -41.8600123    74.94944271  -92.14198807   69.14821144   53.61373423
   63.26803576    7.53907596  -22.48329688   12.42044384   75.00338692
   77.24959527   -0.6157696  -225.9415535    37.111248    -55.22995909]
Fitness: 2531.7902117526737

Función número 7
Solucion: [ -67.77134398   40.7092094    67.41554286    6.09065167  -61.92489606
   10.85839946 -112.92264305   40.91615423 -127.62680996  -84.0513987
   27.21405242  -35.62598364  289.97732105   44.85097103   52.98500994
  -37.66001641  -78.4922152   144.16432106   69.14685202   53.6145169
   63.26707789   36.92261571  -25.87559037    8.79034369  213.66251734
   72.91814036   58.45784377  -73.77809906   55.22253204  -55.22835987]
Fitness: 3405.6641726733815

Función número 8
Solucion: [ -44.02608757   40.7068224    33.51553264  -23.49050669  -51.57130721
   52.17918752   52.37823809   34.15584566  186.70354121  -67.13407272
   78.68632364    2.18822449 -174.93725408   39.26499781   52.97894381
  -47.8251953    55.80921104 -136.43812438   69.14700417   53.61366307
   63.26592231   18.81055667    2.5801003    39.31795199   36.01274853
   61.17747245  205.20349752 -218.0547882    29.46217098  -55.22834678]
Fitness: 2674.734749087347

Función número 9
Solucion: [-57.52054424  40.70864011  12.60364478 -25.34674855 -70.94703443
  14.31670594 -26.82008537  29.93245883 127.94843864 -70.95197627
  15.70475258 -14.39538875  43.7998009   40.17622595  52.98093317
 -22.57681043 -56.63257447 -28.78199069  69.14977698  53.61449945
  63.26705273  16.09362001  -8.02240468  37.17858415  64.30468946
  57.84459392  -8.05048732 -70.21419191  40.45364592 -55.22528487]
Fitness: 2181.2102196938727

Función número 10
Solucion: [ -43.71970078   40.70772954 -121.73271894  -25.88277578  -60.86975389
   18.32168665   52.78992922   18.99559695  -96.79081812  -77.33449006
   42.47286942  -16.31978007  209.1080296    49.72763486   52.98060253
  -29.48670667   51.62922065  174.67715559   69.15036427   53.61495564
   63.26691339   14.14124808  -10.84383929   49.94180556  -34.93363643
   62.62746678   18.62505785  -57.63464979   36.17128264  -55.22679769]
Fitness: 2466.837104310086

Función número 11
Solucion: [ -56.29398483   40.70796909  -31.4012412    -8.53940727  -56.60880027
   46.41856085  102.53981695   21.94275969  -27.14281886  -86.79604269
   56.28958625  -35.36297096  -40.35411095   52.9719221    52.98032201
  -60.17298074  -31.92173486   26.02014672   69.1488338    53.61428499
   63.26658435   33.201439     -4.97469568   32.8309886  -100.82349275
   70.29848671  -52.30167219 -133.22379252   60.0700032   -55.22696163]
Fitness: 2142.3630721247555

Función número 12
Solucion: [ -56.29398483   40.70796909  -31.4012412    -8.53940727  -56.60880027
   46.41856085  102.53981695   21.94275969  -27.14281886  -86.79604269
   56.28958625  -35.36297096  -40.35411095   52.9719221    52.98032201
  -60.17298074  -31.92173486   26.02014672   69.1488338    53.61428499
   63.26658435   33.201439     -4.97469568   32.8309886  -100.82349275
   70.29848671  -52.30167219 -133.22379252   60.0700032   -55.22696163]
Fitness: 2142.3630721247555

Función número 13
Solucion: [ -56.29398483   40.70796909  -31.4012412    -8.53940727  -56.60880027
   46.41856085  102.53981695   21.94275969  -27.14281886  -86.79604269
   56.28958625  -35.36297096  -40.35411095   52.9719221    52.98032201
  -60.17298074  -31.92173486   26.02014672   69.1488338    53.61428499
   63.26658435   33.201439     -4.97469568   32.8309886  -100.82349275
   70.29848671  -52.30167219 -133.22379252   60.0700032   -55.22696163]
Fitness: 2142.3630721247555

Función número 14
Solucion: [ -56.29398483   40.70796909  -31.4012412    -8.53940727  -56.60880027
   46.41856085  102.53981695   21.94275969  -27.14281886  -86.79604269
   56.28958625  -35.36297096  -40.35411095   52.9719221    52.98032201
  -60.17298074  -31.92173486   26.02014672   69.1488338    53.61428499
   63.26658435   33.201439     -4.97469568   32.8309886  -100.82349275
   70.29848671  -52.30167219 -133.22379252   60.0700032   -55.22696163]
Fitness: 2142.3630721247555

Función número 15
Solucion: [ -56.29398483   40.70796909  -31.4012412    -8.53940727  -56.60880027
   46.41856085  102.53981695   21.94275969  -27.14281886  -86.79604269
   56.28958625  -35.36297096  -40.35411095   52.9719221    52.98032201
  -60.17298074  -31.92173486   26.02014672   69.1488338    53.61428499
   63.26658435   33.201439     -4.97469568   32.8309886  -100.82349275
   70.29848671  -52.30167219 -133.22379252   60.0700032   -55.22696163]
Fitness: 2142.3630721247555

Función número 16
Solucion: [ -56.29398483   40.70796909  -31.4012412    -8.53940727  -56.60880027
   46.41856085  102.53981695   21.94275969  -27.14281886  -86.79604269
   56.28958625  -35.36297096  -40.35411095   52.9719221    52.98032201
  -60.17298074  -31.92173486   26.02014672   69.1488338    53.61428499
   63.26658435   33.201439     -4.97469568   32.8309886  -100.82349275
   70.29848671  -52.30167219 -133.22379252   60.0700032   -55.22696163]
Fitness: 2142.3630721247555

Función número 17
Solucion: [ -56.29398483   40.70796909  -31.4012412    -8.53940727  -56.60880027
   46.41856085  102.53981695   21.94275969  -27.14281886  -86.79604269
   56.28958625  -35.36297096  -40.35411095   52.9719221    52.98032201
  -60.17298074  -31.92173486   26.02014672   69.1488338    53.61428499
   63.26658435   33.201439     -4.97469568   32.8309886  -100.82349275
   70.29848671  -52.30167219 -133.22379252   60.0700032   -55.22696163]
Fitness: 2142.3630721247555

Función número 18
Solucion: [ -56.29398483   40.70796909  -31.4012412    -8.53940727  -56.60880027
   46.41856085  102.53981695   21.94275969  -27.14281886  -86.79604269
   56.28958625  -35.36297096  -40.35411095   52.9719221    52.98032201
  -60.17298074  -31.92173486   26.02014672   69.1488338    53.61428499
   63.26658435   33.201439     -4.97469568   32.8309886  -100.82349275
   70.29848671  -52.30167219 -133.22379252   60.0700032   -55.22696163]
Fitness: 2142.3630721247555

Función número 19
Solucion: [ -56.29398483   40.70796909  -31.4012412    -8.53940727  -56.60880027
   46.41856085  102.53981695   21.94275969  -27.14281886  -86.79604269
   56.28958625  -35.36297096  -40.35411095   52.9719221    52.98032201
  -60.17298074  -31.92173486   26.02014672   69.1488338    53.61428499
   63.26658435   33.201439     -4.97469568   32.8309886  -100.82349275
   70.29848671  -52.30167219 -133.22379252   60.0700032   -55.22696163]
Fitness: 2142.3630721247555

Función número 20
Solucion: [ -56.29398483   40.70796909  -31.4012412    -8.53940727  -56.60880027
   46.41856085  102.53981695   21.94275969  -27.14281886  -86.79604269
   56.28958625  -35.36297096  -40.35411095   52.9719221    52.98032201
  -60.17298074  -31.92173486   26.02014672   69.1488338    53.61428499
   63.26658435   33.201439     -4.97469568   32.8309886  -100.82349275
   70.29848671  -52.30167219 -133.22379252   60.0700032   -55.22696163]
Fitness: 2142.3630721247555




