################################################
                    DIMENSION 10
################################################

Función número 1
Solucion: [-9.73678091e-24 -1.27684775e-23 -1.56097453e-18  4.19556682e-08
  3.87554239e-07  2.66980371e-12 -4.26845844e-20  3.15476923e-04
 -3.27296060e-17  3.60808590e-04]
Fitness: 45048434.92429902

Función número 2
Solucion: [-1.27427002e-11 -2.25516845e-11 -9.11307387e-15 -4.12928351e-09
  9.89994750e-16 -4.33008634e-09 -1.08393235e-11 -2.78963467e-07
 -5.99834409e-11  3.04635095e-14]
Fitness: 672919692.8384154

Función número 3
Solucion: [ 2.99578206e-08  9.80893322e-09  2.13498392e-08 -3.11979004e-15
 -1.53428177e-14 -1.67955818e-11 -2.06576910e-15 -2.06716616e-13
  7.54569866e-07 -1.25724464e-15]
Fitness: 11458.250044529079

Función número 4
Solucion: [-1.89983050e-14  2.35059893e-15 -2.38332414e-11 -7.55947546e-16
  2.55916608e-22  7.25668398e-18 -4.60259303e-14  8.07920957e-17
  3.29866634e-16 -2.82341960e-09]
Fitness: 512.7782382069458

Función número 5
Solucion: [-3.34593781e-10  1.08737706e-10 -3.49748136e-13  1.03771818e-18
 -1.20119745e-12  9.29649078e-15 -2.66128439e-12 -1.28751928e-06
  8.32243795e-12  1.08512846e-14]
Fitness: 520.3957901018126

Función número 6
Solucion: [-5.16324407e-07 -1.63640469e-09 -6.57045549e-08  5.85423265e-13
 -8.37000399e-09 -8.75613841e-09 -3.17058007e-08 -4.06284829e-09
 -1.30101900e-10  9.66299565e-17]
Fitness: 600.2552998880323

Función número 7
Solucion: [ 2.48142544e-21 -8.93274606e-13 -2.00020676e-11  2.34987754e-18
  1.46787370e-14  7.76411460e-17  4.34356026e-16 -2.96438960e-12
  4.13032650e-15  2.02397984e-15]
Fitness: 751.0275636486648

Función número 8
Solucion: [ 6.59516916e-08 -3.85151936e-16  3.17379538e-16 -3.26177842e-19
 -8.94781834e-13 -9.86842857e-12 -1.46392019e-12 -5.22425306e-10
  1.59552927e-16 -7.43942027e-17]
Fitness: 868.5059150688326

Función número 9
Solucion: [-1.04452090e-10 -3.40047090e-07  1.21451497e-11 -2.57956683e-05
 -1.22784352e-07 -4.35927332e-04 -6.20114793e-08 -3.11466335e-09
 -1.16075615e-04 -1.49919479e-09]
Fitness: 960.4254168688321

Función número 10
Solucion: [ 6.78591634e-16  1.06483173e-07 -7.98152259e-14  7.05638397e-11
 -2.78036260e-18  5.10722963e-08  6.53596206e-10  1.42841543e-11
  3.49198058e-09  3.95423533e-06]
Fitness: 1839.9266400794722

Función número 11
Solucion: [ 2.08076193e-06 -5.11666663e-20  9.85715006e-02 -1.00019861e-21
 -8.56375404e-13 -1.14157176e-14  8.06105126e-05  1.52366745e-08
 -5.65503349e-14  6.75028593e-10]
Fitness: 2981.828742840633

Función número 12
Solucion: [ 1.91409090e-18  6.54317177e-18 -4.87905161e-12 -5.35069905e-10
  1.79964311e-13  2.00539068e-15 -4.21687127e-12  4.73307943e-16
 -9.45728821e-15 -1.99851032e-12]
Fitness: 1199.9999999999825

Función número 13
Solucion: [ 6.39314154e-09  4.04077025e-17  2.26970008e-14 -7.06151193e-04
  2.38534225e-14  2.51978480e-13  9.84935566e-14 -2.28963169e-07
 -8.59966151e-10 -1.41083233e-02]
Fitness: 1303.4333690458186

Función número 14
Solucion: [-7.42814964e-10 -1.08337860e-10 -2.56240709e-10  3.56328077e-10
  2.33941118e-13  1.20207369e-14  1.04961591e-09  2.53818018e-15
 -2.09485780e-07 -9.22411344e-11]
Fitness: 1401.0308417669235

Función número 15
Solucion: [ 4.03630775e-09  5.26646211e-07  9.86784864e-04  1.76427321e-07
 -8.65780738e-18  1.26230240e-09 -8.30231744e-17 -4.68861867e-12
  9.96003081e-06  1.86632291e-04]
Fitness: 1528.6798429197556

Función número 16
Solucion: [-2.01832926e-14  1.40320927e-03 -4.92956722e-21  4.21265838e-06
 -3.95684636e-23 -1.08661961e-20 -5.81259979e-20  2.14307720e-03
  1.23867108e-06  3.07759428e-06]
Fitness: 1603.6595591750602




################################################
                    DIMENSION 30
################################################

