% # columns="iteration, evaluation, sigma, axis ratio, bestever, best, median, worst objective function value, further objective values of best", seed=123456789, Wed Jun 13 10:24:15 2018, <python>{}</python>
1 10 39.42561146124566 1.0000450010125153 166128094.13609365 1.6612809413609365e+08 24081946630.989933 59414107601.54098   
2 20 37.4468296751943 1.1286278499812257 153317157.61040702 1.5331715761040702e+08 9162678602.49783 25979242693.52576   
3 30 37.73111543252397 1.2374645990786999 153317157.61040702 2.3931056591934958e+08 2631788060.4834146 21737316890.29381   
4 40 39.03364483484947 1.3074844702688977 153317157.61040702 7.3689486015288973e+08 3343573543.1132903 15152365042.920822   
5 50 39.14530890312046 1.412354855198543 34553812.94665739 3.4553812946657389e+07 4964909623.231335 14943954838.600925   
6 60 39.226588088935145 1.5293436529577507 34553812.94665739 1.4080504019132051e+08 1969143932.9519348 30839698687.098804   
7 70 36.93268686524533 1.600631725597838 34553812.94665739 4.6454898189358436e+07 4950274115.800672 34829426280.831764   
8 80 33.92411785098116 1.6336597262832393 1589816.7127188197 1.5898167127188197e+06 1445813145.0676527 24846511415.66662   
9 90 31.93696449482029 1.704212822672576 1589816.7127188197 9.6947776538273320e+06 253853261.04300106 2867879904.395026   
10 100 30.51995292159408 1.7646956014529853 1589816.7127188197 5.4616784414477618e+06 935273365.6931468 16977146614.295198   
11 110 29.5867118705774 1.7687366035393233 604711.4470389099 6.0471144703890989e+05 1865369986.6240165 5208935190.614467   
12 120 29.63053656202238 1.8049705015183257 604711.4470389099 2.3221107102972525e+06 1051347491.4783218 2457418315.895373   
13 130 30.310763078822085 1.8719902589448125 604711.4470389099 2.3130054153040308e+06 969074921.4455744 4589057645.798215   
14 140 30.49286840277461 1.9738743581819702 604711.4470389099 8.0425239258680493e+06 1603175302.8657103 4150341840.701567   
15 150 29.444303472042172 2.008823093988306 604711.4470389099 1.1916124346516465e+06 588199251.5889978 3568762944.0717053   
16 160 27.80771404169837 2.1663654193424295 604711.4470389099 7.7558845158114374e+07 796857250.8459568 7636454407.420679   
17 170 25.850152288810435 2.2824698786797635 604711.4470389099 2.8759227584292512e+07 1481277266.4659567 5215438788.896701   
18 180 23.302102645779144 2.4109467891094605 604711.4470389099 2.8305431615774701e+06 1277814361.7832503 2675080134.2264633   
19 190 21.705340058198402 2.578672983630272 604711.4470389099 4.4631463690441012e+07 441504622.4967067 2171266742.1498446   
20 200 21.036696911004686 2.705074721228264 604711.4470389099 1.1771392360979898e+08 933959183.9987078 2764043005.4203544   
21 210 21.993796880086844 2.9707445202162073 604711.4470389099 1.2771961717836685e+06 315249089.1540826 2564845715.1766057   
22 220 20.668785169534072 3.0310142571680134 604711.4470389099 2.9928985020423555e+06 276032384.28046167 990785278.6135015   
23 230 18.855517531337334 3.095551640768659 604711.4470389099 1.6233811979648145e+06 167066441.01891136 2447050082.0245476   
24 240 18.75310478760069 3.2717015371305402 604711.4470389099 7.5954771938412134e+06 35089305.35149302 2027614603.2873259   
25 250 18.31870337292638 3.2027766254909036 280197.42213577084 2.8019742213577084e+05 207928322.82162264 1063338768.1025985   
26 260 18.097808199050117 3.44083747595463 280197.42213577084 1.9657452518156038e+06 101115899.28869379 1257533039.606109   
27 270 18.9464136983116 3.54596335231762 280197.42213577084 6.1682354611745523e+06 330748505.8152024 699145088.0738624   
28 280 18.53998448375413 3.7423614227983766 280197.42213577084 1.3641186801788858e+06 70000590.15150264 673003897.0818114   
29 290 17.88421377365367 3.9800840689611854 280197.42213577084 1.2115824394090518e+07 236694991.5274204 1121825529.9475331   
30 300 16.938284317198146 4.287618275505597 280197.42213577084 4.6248346492499812e+06 76624536.29197061 278802373.8521046   
31 310 15.061782560420001 4.476544286023708 280197.42213577084 1.4609707028777760e+06 49545095.04133126 109850769.1297829   
32 320 14.442675314734219 4.4635183564991285 233338.15265167417 2.3333815265167417e+05 30841489.278571382 222870931.00451893   
33 330 14.30855577980422 4.666203922877117 32507.440771550824 3.2507440771550824e+04 34580306.914306715 211408252.13032696   
34 340 14.095984843177376 4.85914528155965 32507.440771550824 6.6228877943064028e+04 15824944.147641093 376355321.4402956   
35 350 14.162067898694922 5.158660409957659 32507.440771550824 1.2481928906511602e+06 43765227.93179139 195333712.49091592   
36 360 14.734716179267055 5.704650686214858 32507.440771550824 6.8456419970322133e+05 50081060.40591676 144086883.7479077   
37 370 14.440665189704383 6.00340879411848 32507.440771550824 3.4696753433129407e+05 27668171.723861005 754304879.3433114   
38 380 12.78432118124362 6.581377727474057 32507.440771550824 1.5893724496856180e+06 53048537.50663373 80383183.01331516   
39 390 11.474455802962732 6.902405613385818 32507.440771550824 6.7539603726472953e+04 15649813.550988879 94009545.31503853   
40 400 10.271291974980446 7.354939338133774 32507.440771550824 7.9608829813493800e+05 4470744.812646906 59014513.7695541   
41 410 9.4967945531794 7.455936560084386 32507.440771550824 1.0980700024395355e+06 6551577.948952527 47599138.08766921   
42 420 9.024447758168101 7.763136709592502 32507.440771550824 1.2443513005792101e+05 3301103.2811469557 65124745.114875086   
43 430 8.411966398841454 7.994909578633126 32507.440771550824 3.6743432815851389e+04 5197918.574896579 68150100.06651542   
44 440 7.98306275665804 8.099812266368899 32507.440771550824 6.5375079849263348e+04 7731530.773464451 49860561.46224107   
45 450 7.44376798807617 8.448756348177515 32507.440771550824 8.5180844281770336e+05 3253778.90737425 76962864.96714453   
46 460 7.0985544535347165 9.434168071358933 26339.123065776686 2.6339123065776686e+04 8787438.89994936 42773512.4627634   
47 470 6.3578101774867575 9.870837815110093 13560.294319556891 1.3560294319556891e+04 2993086.6565010413 11871584.81590538   
48 480 6.0982952500764505 10.461742470449442 13560.294319556891 3.6407366051965393e+04 2247680.899044226 22658443.40711134   
49 490 6.386030024908592 11.378475676569456 13560.294319556891 2.7738716670021029e+04 3356405.39923876 14451916.460921587   
50 500 6.071838142330781 11.680901665235446 13560.294319556891 2.6367054040372535e+04 3095269.323466843 12880341.54534995   
51 510 5.693298449495065 12.614976795149936 13560.294319556891 1.5657855549590063e+05 2523679.5925062033 5722110.3769693645   
52 520 5.582466379924516 13.08883916635665 9324.779196776477 9.3247791967764770e+03 2472472.145567312 8775762.314245293   
53 530 6.148257876444001 13.871068478204286 9324.779196776477 1.3961184379997610e+04 3337040.0035176887 7870891.85635645   
54 540 5.983349435237721 14.53510873586706 9324.779196776477 1.5908694504070518e+04 3204427.538405629 5412908.041541527   
55 550 5.5030951293298624 15.681338715967438 9324.779196776477 4.3359242058157077e+04 1551940.3097280595 4973322.4439984765   
56 560 4.897822036116538 16.718713028728263 7863.836065475243 7.8638360654752432e+03 419737.7404035874 2661991.5376775633   
57 570 4.397078344060025 17.6655372456763 7863.836065475243 3.2359353801097855e+04 789566.1370375204 8347120.792997877   
58 580 4.119982984920806 19.17927512852169 7863.836065475243 1.3464990339078158e+04 199370.5472863698 2594002.6043687877   
59 590 3.9720822941793656 19.853476693694272 7863.836065475243 3.6496480007540631e+04 1162582.7204691642 3990696.0903491345   
60 600 4.006395300229091 21.346191142998535 7863.836065475243 1.1557655431590323e+04 149203.74481316755 1281677.8989762266   
61 610 4.122603586010293 22.407873781629277 7863.836065475243 4.8004429456137288e+04 380768.89113375783 2341959.543872612   
62 620 4.277247703400187 23.411229134248664 7863.836065475243 8.0355743401647405e+03 92170.77643289282 6696566.823575795   
63 630 4.123326302618285 24.23042413765178 6099.057984447014 6.0990579844470140e+03 92613.35946190465 1375405.824690084   
64 640 4.0877264497677155 24.827105973669102 6099.057984447014 1.7739568503268900e+04 612101.1865304136 1560513.393669132   
65 650 4.060454915873205 26.505125795590715 6099.057984447014 1.0476687671148919e+04 114263.16897065818 1075188.5115420443   
66 660 3.7623447992867844 26.110021656891185 6099.057984447014 6.9152228909710475e+03 66392.89757970588 346563.13226930983   
67 670 3.6811794469642147 26.483402046367583 6099.057984447014 8.8845870162357241e+03 162293.65247100548 794261.2158009814   
68 680 3.550409092786067 27.008569452296268 6099.057984447014 1.0595973343381407e+04 121314.12034949557 571808.9776205906   
69 690 3.5451537371808732 27.512521518356884 6099.057984447014 2.2655586352837698e+04 95580.67513357228 968002.5340651016   
70 700 3.329632194622159 27.505791088482326 6099.057984447014 6.3526968257983935e+03 176842.61864263387 995146.605460976   
71 710 3.502403164641163 28.43632984216399 6099.057984447014 1.0600772453336625e+04 165817.98515872567 486954.9996687301   
72 720 3.492531629864191 29.93320567658721 6099.057984447014 8.1486582128251384e+03 258895.00940866044 449440.7506802584   
73 730 3.417009534646065 31.40334339098258 6099.057984447014 2.0264763000194060e+04 92801.09689923243 501267.98881250044   
74 740 3.321351864784397 32.965282091978935 6099.057984447014 9.8439849245333899e+03 94177.67677447954 1262189.746443627   
75 750 3.476943344671744 33.89109695223979 6099.057984447014 8.0375179779918790e+03 59576.560905603576 266002.7955220903   
76 760 3.782988313879358 37.73817431262667 6099.057984447014 8.8684582595896209e+03 51714.22505181652 501372.2853422229   
77 770 4.106815154991559 42.72193855007844 6099.057984447014 8.2030303072128536e+03 182140.7411037084 852298.2456430541   
78 780 4.2848387110742205 48.45153435961378 6099.057984447014 9.4747725959402342e+03 267962.88110201905 782033.0053295869   
79 790 4.547223832998324 54.02217242501453 6099.057984447014 1.0681049106085286e+04 161120.66728082832 1474670.5838970775   
80 800 4.3591063945106265 62.62967274782414 6099.057984447014 9.9400779284508753e+03 267357.4804598662 478700.55168763583   
81 810 4.536423583085708 66.36334814721344 6099.057984447014 7.9395178671299582e+03 33232.54509921066 225828.9360757097   
82 820 4.545333974681335 66.88738276463422 6099.057984447014 6.9823758439405519e+03 74857.79000681157 505342.9081984708   
83 830 4.487024512089988 69.57621895147977 6099.057984447014 8.4980613466180403e+03 40378.39634591992 157795.06913449912   
84 840 4.483618060491207 69.96548467956403 6099.057984447014 1.0300333513695816e+04 53471.02280910476 288513.1541097045   
85 850 4.228978438580581 74.31603903630368 6099.057984447014 8.0968760597637583e+03 41367.71249772624 432032.6451260164   
86 860 3.93779135938592 79.8029605640098 6099.057984447014 7.2097601425522280e+03 53919.236445494374 274894.15142861725   
87 870 3.7099702676934276 81.54329254743166 6099.057984447014 6.7805193946101290e+03 45327.11405211064 184482.37227442232   
88 880 3.7834087817747477 86.8088507941102 6081.059019263098 6.0810590192630980e+03 23844.912298126266 131887.1334430498   
89 890 3.990688344095981 92.6367466935648 6077.288663394787 6.0772886633947874e+03 64826.48984413058 192674.52496628443   
90 900 4.032031247950132 97.86586245939459 6077.288663394787 9.1352902355604238e+03 37918.257436349566 160058.20169161801   
91 910 4.424473392083066 102.22293324242436 6077.288663394787 6.8320959511432638e+03 29244.456434535514 237746.45897311246   
92 920 4.638340059140968 104.23455423989108 4382.474176034732 4.3824741760347324e+03 36063.92207420837 307641.0247493979   
93 930 4.915773181028326 118.71211226721745 3608.4382593701816 3.6084382593701816e+03 16872.597898359003 82216.1408471958   
94 940 5.2721686119743225 123.67619226581093 3608.4382593701816 8.1597923821577842e+03 31917.04170743482 144178.47798642324   
95 950 4.92998128851622 129.4347449595319 3608.4382593701816 5.5350211126045724e+03 18891.592148044183 66166.52622655907   
96 960 4.957146160989492 129.39763119216985 3608.4382593701816 4.4206237402065126e+03 12714.992453037332 272215.0072638953   
97 970 4.738236538036054 141.6500444080064 3608.4382593701816 4.4846108851168028e+03 20256.03599991056 104962.68216102998   
98 980 4.636856492524322 149.4870797132858 3608.4382593701816 4.0159791422908529e+03 21848.408040196387 162224.55466062383   
99 990 4.644168135358917 157.00944297448677 3608.4382593701816 4.6970803905834819e+03 9226.861803362119 41201.78879850278   
100 1000 4.719949193372216 157.76053267976945 3608.4382593701816 4.6357059748508982e+03 7611.3499950770465 96120.34350871382   
101 1010 4.9707505223791415 168.69063290740652 3464.9876543637174 3.4649876543637174e+03 13698.124077952627 74155.42877080705   
102 1020 5.128913012162778 180.96698257115108 3464.9876543637174 3.9788992167126826e+03 25746.341774907673 111786.023070374   
103 1030 5.513466833749699 196.24844526490168 2542.4085318327675 2.5424085318327675e+03 8581.450780818044 53160.678543048074   
104 1040 5.834216376350067 216.63285511533243 2130.014985809438 2.1300149858094378e+03 6247.634341663759 43609.53312127412   
105 1050 5.837171251316931 235.93491993027538 2130.014985809438 3.1414940984872437e+03 13975.100093909392 39797.449896962564   
106 1060 5.540479597134802 245.1844959638799 2130.014985809438 2.4892715185104298e+03 9848.513310951743 28478.321388773104   
107 1070 6.240189199448441 247.79444663882404 2130.014985809438 2.2049098844287205e+03 13249.008535993125 27634.49387691613   
108 1080 6.512307516511808 262.2297245376931 2111.459738309305 2.1114597383093051e+03 7986.982933309713 19105.251773230862   
109 1090 6.922528183426953 257.559375220513 2111.459738309305 4.4799177835477931e+03 34451.26621755725 94187.8066392324   
110 1100 7.490531164394302 276.8567913114495 2111.459738309305 3.2309945521366863e+03 5676.648848675077 22293.014530168668   
111 1110 7.429552834188524 268.93711814031866 2111.459738309305 3.0230176020763483e+03 6242.751085996531 114659.32184819174   
112 1120 6.91954798350074 280.66582270952097 2111.459738309305 2.7675243747863960e+03 10964.115354497651 205172.25910360354   
113 1130 7.451041118811795 290.0572216005978 2111.459738309305 3.6981322597416020e+03 8881.102585697023 30356.67185061179   
114 1140 7.410375095823333 290.64834085508943 2111.459738309305 3.3014956991496801e+03 34991.05513500371 86913.0946065756   
115 1150 6.971843444784578 308.6058030655089 2111.459738309305 2.8401276063515647e+03 17946.14406529258 37100.08916674247   
116 1160 6.587216831608485 315.63113039954914 2111.459738309305 4.8273167154412331e+03 13111.582387682172 33851.53413182996   
117 1170 6.841177660079502 328.8493888061315 2111.459738309305 2.7026340651865030e+03 6208.828164352274 48219.82450699447   
118 1180 6.895524747340066 347.39150618161705 2111.459738309305 3.6088795385297162e+03 14870.153950693953 46867.62454299166   
119 1190 6.9194201916881335 367.2176233393591 2111.459738309305 3.0433648929535439e+03 5535.499561359149 20888.480119666885   
120 1200 7.03284009745024 379.8801891085378 2111.459738309305 4.5493506697672765e+03 9134.150913043766 70424.09565928305   
121 1210 6.788306021558586 395.5932464539783 2111.459738309305 3.1026506316207197e+03 4513.824819871082 39205.57029105328   
122 1220 7.0744314462701965 405.50749889845036 2111.459738309305 3.0485573878212372e+03 10100.91708063815 38118.95874479459   
123 1230 6.961327100374674 426.223449679785 2111.459738309305 3.1308660280224958e+03 16028.688561058945 38494.42276649945   
124 1240 6.622608023916088 448.24802487874274 2111.459738309305 2.6386141215947232e+03 8373.503520214854 49831.465310684216   
125 1250 6.695312237593753 465.16143160838305 2111.459738309305 2.4781554945330822e+03 4740.997668267089 13054.95169853889   
126 1260 6.82560672661746 486.19750278706636 2111.459738309305 2.7427948456309277e+03 7598.551892724631 23070.480637895806   
127 1270 6.908928438039776 503.3836698453907 2111.459738309305 2.4339865342658159e+03 6174.483397671426 17098.69551222399   
128 1280 7.1463809092583395 533.0023096393957 2111.459738309305 2.4023114980567007e+03 5697.148684833485 17411.43169337618   
129 1290 7.080226994587916 562.6180404520891 2111.459738309305 2.6122661547446669e+03 4315.07739971213 11021.1637716483   
130 1300 6.914237672960662 572.7309557503227 2111.459738309305 2.4428976665844680e+03 3458.910716240243 24255.131396056466   
131 1310 6.565958354158914 600.2696604729615 2111.459738309305 2.5520128746474220e+03 4328.677413675665 12725.560773871479   
132 1320 6.307545182540583 624.8364441038602 2111.459738309305 2.5039984195079087e+03 3849.6530570785562 11415.965064680273   
133 1330 6.019485783581691 639.4017294430289 2111.459738309305 2.2410145537549415e+03 7984.569714753083 23442.269625479024   
134 1340 5.784988404364934 659.6801624015103 2111.459738309305 2.5119817867209072e+03 4581.3345822931915 8889.76945798588   
135 1350 5.684661256123134 687.9358297185679 2111.459738309305 2.2487809981205623e+03 3586.4257409545135 6917.437470328532   
136 1360 5.381076815358987 696.3572401031303 2111.459738309305 2.3766820255571920e+03 3382.851862802576 18481.07048250172   
137 1370 5.26887047563008 773.6413326781476 2111.459738309305 2.1916077969902226e+03 3604.28682966007 4429.017248395597   
138 1380 5.262262407374581 788.5850529114848 2111.459738309305 2.3818955207105087e+03 3223.6135769510197 8615.383546086523   
139 1390 5.009268670566139 789.9961936277354 2111.459738309305 2.3250120725195466e+03 3172.0471409179254 7800.399435188356   
140 1400 4.836446111260696 810.536556516518 2111.459738309305 2.3511689137382446e+03 2834.489428264028 8018.954762634876   
141 1410 4.472306296231917 837.2839089682901 2111.459738309305 2.2009462751734795e+03 3115.5548233553054 5850.2884231626385   
142 1420 4.417195735397225 874.6841424517619 2111.459738309305 2.3499411750029885e+03 2965.9008537722484 7826.948384167207   
143 1430 4.5666475462852985 988.0477177956268 2111.459738309305 2.2154383435290961e+03 2624.557834282516 4372.168650146117   
144 1440 4.768279566246543 990.646664462991 2111.459738309305 2.2019471914639271e+03 2656.699530993565 3985.5712789672953   
145 1450 4.774504558386146 1034.2172826325793 2111.459738309305 2.2228431039874749e+03 2442.229199028062 3354.8235714424286   
146 1460 4.893941313227404 1016.1350058295759 2111.459738309305 2.2231569661320827e+03 2474.7850173628667 3825.197190115392   
147 1470 4.39299902253841 1040.391308132224 2111.459738309305 2.1909159011394822e+03 2615.139281016178 4863.769903385093   
148 1480 4.273387505869853 1064.4984048566541 2111.459738309305 2.1774917027941397e+03 2319.845065893491 2816.9185536883037   
149 1490 4.054540198082199 1050.6971244129434 2111.459738309305 2.2143513135574276e+03 2966.387734389988 3164.3871939946143   
150 1500 4.0951279266971365 1099.1578084770204 2111.459738309305 2.2904705925543808e+03 2540.1226634514765 3428.9644877197343   
151 1510 4.049341695361844 1144.687580562872 2111.459738309305 2.1705623962913101e+03 2597.1340199612623 2762.5372500492276   
152 1520 3.8190376930174303 1187.5622172899164 2111.459738309305 2.2379265759936270e+03 2345.122368441821 3794.879027992995   
153 1530 3.4061222617711784 1243.834666899854 2111.459738309305 2.1869409682680334e+03 2279.973893752151 2967.6988849449954   
154 1540 3.1675624844829637 1289.2677215810195 2111.459738309305 2.2056401533707340e+03 2530.9086813569993 3331.725003341554   
155 1550 3.0842459981645853 1293.68132653146 2111.459738309305 2.1996617711389576e+03 2519.157101856915 2983.4848676236434   
156 1560 3.009011882432429 1363.4405342886143 2111.459738309305 2.2026406080493093e+03 2404.6263785919045 2725.9086946243765   
157 1570 2.9101579310075776 1398.5061509930579 2111.459738309305 2.1697997793756294e+03 2308.8235467994996 2522.635123169958   
158 1580 2.8772354674191334 1403.325010406803 2111.459738309305 2.1691114561719369e+03 2228.711282212206 2452.4868739342214   
159 1590 2.7873516154747513 1459.5297289938605 2111.459738309305 2.1920291248984672e+03 2279.528957617036 2527.0544432393026   
160 1600 2.671751760956918 1501.945289409166 2111.459738309305 2.1828984476141368e+03 2239.4545117447296 2603.331628414294   
161 1610 2.5935888706055423 1552.2838577627547 2111.459738309305 2.1399063369728647e+03 2263.5879838911555 2514.587682741969   
162 1620 2.6918307129114316 1666.5916906896525 2111.459738309305 2.1569611653932866e+03 2198.031188350022 2241.8449210709646   
163 1630 2.71707644956972 1688.9063952286115 2111.459738309305 2.1548652149770587e+03 2287.3936392308724 2399.750375660659   
164 1640 2.518211388439577 1771.11149423893 2111.459738309305 2.1483678397188132e+03 2252.922389346403 2366.669280439367   
165 1650 2.6350830498186673 1789.1771420228233 2111.459738309305 2.1531201431025138e+03 2174.2331090217526 2241.333240856235   
166 1660 2.4890545447515993 1869.180621389755 2111.459738309305 2.1427984999083505e+03 2184.698715117035 2247.1822505573773   
167 1670 2.5104588231435843 1922.6947996823055 2111.459738309305 2.1426974495043582e+03 2197.9100144856006 2429.9405839267797   
168 1680 2.4789816063738166 2000.8631567387652 2111.459738309305 2.1531199041484783e+03 2180.6172379575846 2258.9220124171734   
169 1690 2.414524629687484 2046.7287824020866 2111.459738309305 2.1360731742708126e+03 2165.61616889604 2240.6414117912655   
170 1700 2.491236805333559 2083.652723703196 2111.459738309305 2.1376413841567505e+03 2170.0961085486247 2374.001640936935   
171 1710 2.4278627846312117 2232.0328564429697 2111.459738309305 2.1299818230055430e+03 2175.3806529018593 2353.9989665113562   
172 1720 2.518634875324491 2313.930028118492 2111.459738309305 2.1356373093910552e+03 2175.4483460018705 2199.2677120255125   
173 1730 2.6084933817426483 2299.9273481429736 2111.459738309305 2.1254341407099510e+03 2159.4359574542523 2184.903620917365   
174 1740 2.7459260788252045 2314.784550574488 2111.459738309305 2.1265007231685772e+03 2157.8321647642865 2174.653218579132   
175 1750 2.8030172764123122 2380.379873260725 2111.459738309305 2.1377614019489110e+03 2177.9916558677132 2339.3829344258866   
176 1760 2.613292049703255 2463.428428210554 2111.459738309305 2.1461076946620965e+03 2167.1159486060455 2191.7456409099377   
177 1770 2.378734805619241 2516.8605901526025 2111.459738309305 2.1251840561582949e+03 2164.4485693102874 2182.0677241559742   
178 1780 2.3239960711799914 2500.308648624065 2111.459738309305 2.1158018594144969e+03 2145.9207833302003 2172.0569638441098   
179 1790 2.1298701611679722 2579.8811178156916 2111.459738309305 2.1164791094587708e+03 2145.5455649724868 2184.173020867635   
180 1800 2.0352687025878735 2531.589396856995 2111.459738309305 2.1125783021877264e+03 2154.5667278393835 2169.3655626383015   
181 1810 2.0364711354852862 2680.826515101468 2108.059306397857 2.1080593063978572e+03 2127.976041229458 2189.591918815806   
182 1820 1.998193594663634 2823.6668201383327 2098.503869781915 2.0985038697819150e+03 2122.4013185362746 2150.624799677848   
183 1830 1.9399539691304295 2870.2935418638226 2098.503869781915 2.1085294984378552e+03 2123.889378728766 2140.886816511496   
184 1840 1.8828467132013977 2870.3144146396703 2098.503869781915 2.1007241421778376e+03 2122.4413231551243 2145.128174796303   
185 1850 1.780374314157828 2863.953383407264 2098.503869781915 2.1057472339480655e+03 2121.1689178001257 2147.7683412634365   
186 1860 1.711470686133236 2825.6426365156562 2098.503869781915 2.1068055550085828e+03 2122.6696138813604 2139.940535078587   
187 1870 1.644916590971454 2785.0816205795563 2097.968332943461 2.0979683329434611e+03 2114.1158231309646 2123.5254628106145   
188 1880 1.6280500715461428 2835.9095973259564 2097.968332943461 2.0998051276004603e+03 2113.22713918796 2123.502279839398   
189 1890 1.6684723526464607 2762.333389625986 2097.968332943461 2.0988859380494964e+03 2115.5463106504094 2124.427146325535   
190 1900 1.703901303128313 2779.5154059008564 2096.923901989566 2.0969239019895658e+03 2107.2198418412013 2128.7363058442206   
191 1910 1.7092278073118163 2820.9334217271817 2095.531447247645 2.0955314472476448e+03 2107.523132421316 2118.2408757011985   
192 1920 1.5212398916015613 2869.287555858109 2095.531447247645 2.0980578732645899e+03 2104.320525756381 2127.526929281704   
193 1930 1.3582390485945748 2950.6799296270583 2095.531447247645 2.0972092334630361e+03 2112.0970055601097 2129.8150507455653   
194 1940 1.2377646637856772 3075.856509051665 2095.531447247645 2.0960175424058357e+03 2100.2202010166798 2113.215119157039   
195 1950 1.1756827623607988 2903.1154394593154 2094.3529290340693 2.0943529290340693e+03 2098.9277845238867 2107.4488738548584   
196 1960 1.1198341654386392 2977.6350223932973 2092.9488633841916 2.0929488633841916e+03 2100.2609444927034 2112.6067577216672   
197 1970 1.0719732382170037 3062.9320801632375 2091.37692532508 2.0913769253250798e+03 2096.1815454597663 2108.9569302983846   
198 1980 1.0384922770293175 3316.8503449867526 2091.37692532508 2.0922998499814662e+03 2094.766823794749 2097.79647408661   
199 1990 0.9877445892010481 3411.369883554683 2091.061525811899 2.0910615258118992e+03 2094.355080065185 2100.192259479837   
200 2000 1.0035310973115288 3504.5014017703857 2091.061525811899 2.0910927992194684e+03 2093.1313381745003 2100.367836534249   
201 2010 1.1082928461868686 3526.40871921868 2089.023790176718 2.0890237901767182e+03 2095.0589747115555 2101.8793480768736   
202 2020 1.0718850926682861 3695.3080210604226 2089.023790176718 2.0893920706581980e+03 2092.9232870930236 2096.220140717538   
203 2030 1.0090478235951033 3787.000031961872 2088.048644226975 2.0880486442269748e+03 2096.2503913687424 2099.3163145636527   
204 2040 0.932699496183333 3857.7346983621014 2087.6490865646538 2.0876490865646538e+03 2093.558730654657 2096.0869615019005   
205 2050 0.9764961227910852 3959.7974921989744 2086.494226986093 2.0864942269860931e+03 2091.80862152642 2096.0895597953518   
206 2060 0.9954311337884382 4007.1611073248127 2086.494226986093 2.0873255274765193e+03 2090.7593127631176 2095.4372565621575   
207 2070 1.0057227608160242 4284.358867323162 2086.494226986093 2.0887419230505438e+03 2090.7227534980893 2092.7184897223824   
208 2080 1.028195018411333 4215.98487491677 2086.494226986093 2.0876011616391288e+03 2093.217924899161 2097.660727877547   
209 2090 1.0224955761251757 4246.581850375239 2086.494226986093 2.0873743063523643e+03 2091.3724317953397 2097.5823900718588   
210 2100 1.0490529595941354 4518.815230936399 2086.494226986093 2.0871372706129559e+03 2089.3958459907344 2092.6073915936167   
211 2110 1.0701707408601702 4686.863129198174 2085.339573127781 2.0853395731277810e+03 2089.1903875133203 2095.0843638381675   
212 2120 1.0613301652368419 4734.649477914691 2084.160090581953 2.0841600905819532e+03 2086.9722755310922 2089.6050576865005   
213 2130 1.1247390475763832 4866.555329348638 2084.160090581953 2.0843144295959660e+03 2086.7694125410662 2092.557648097284   
214 2140 1.1762913516264717 5162.879282210041 2082.0135570663974 2.0820135570663974e+03 2084.4077964060675 2087.76168579976   
215 2150 1.207117562234378 5300.883951305648 2080.5753221865098 2.0805753221865098e+03 2084.0878285231197 2087.833441107094   
216 2160 1.3490335353256342 5594.874404319206 2079.285832398731 2.0792858323987311e+03 2086.6843878070176 2091.217114699346   
217 2170 1.4252695751334865 6352.903111069976 2079.285832398731 2.0798166361209096e+03 2082.8422058432966 2087.2292566706205   
218 2180 1.6325583555360719 6392.25568221004 2079.285832398731 2.0809153681753505e+03 2083.86290078481 2093.3666674556903   
219 2190 1.8835834165912408 6959.3402205515295 2077.3642001598564 2.0773642001598564e+03 2085.100895480926 2086.639096776233   
220 2200 2.158867153867231 7151.051809273054 2075.326355039247 2.0753263550392471e+03 2085.493086275205 2092.0760847294655   
221 2210 2.3289408252254638 7890.445466881702 2075.326355039247 2.0761956459476419e+03 2084.4957197877197 2096.1994236960513   
222 2220 2.3521116959221082 8307.173777489626 2074.4862664045154 2.0744862664045154e+03 2085.844172304808 2094.2068681403134   
223 2230 2.1999464778815803 8302.321460227984 2074.399150319919 2.0743991503199190e+03 2084.867631779369 2100.2208918954184   
224 2240 2.016922778376281 8550.280338053362 2074.399150319919 2.0754774328756598e+03 2082.4537157935547 2107.105994761255   
225 2250 1.8800320494694889 9444.012286487728 2074.399150319919 2.0776696946712855e+03 2080.761890903942 2091.673948756378   
226 2260 1.733211345639342 9629.486648158922 2074.399150319919 2.0769031639293830e+03 2078.80362709164 2084.5375332778813   
227 2270 1.6504868659335754 9931.231757433661 2074.399150319919 2.0795474433662621e+03 2081.7858865793137 2091.9152900358467   
228 2280 1.5876359750774527 10192.137093670592 2074.399150319919 2.0788176417243617e+03 2082.746861070591 2088.0354830984575   
229 2290 1.4539229627113437 10299.07096205391 2074.399150319919 2.0776439944257904e+03 2085.4787678393777 2096.7574347866703   
230 2300 1.4179813144268134 10803.705964829156 2074.399150319919 2.0759200621858686e+03 2079.676358475811 2085.3559510634495   
231 2310 1.5195371048322328 10783.691583516746 2073.575733347868 2.0735757333478682e+03 2077.5040068322264 2081.4536414703734   
232 2320 1.442588922491846 11347.672734920376 2073.575733347868 2.0744942329708183e+03 2077.223223943805 2081.49632221151   
233 2330 1.415267507054467 11380.09819675033 2073.0755994173737 2.0730755994173737e+03 2075.0430336295344 2084.0989960164425   
234 2340 1.3886457750832095 11751.780965709997 2070.9611558134075 2.0709611558134075e+03 2078.116805722955 2081.2863651001467   
235 2350 1.4944129657052463 12160.532594629214 2070.9611558134075 2.0730083144693281e+03 2077.7042950543487 2084.6817236465517   
236 2360 1.4383486843515199 13430.743497065841 2070.9611558134075 2.0741292614670674e+03 2075.7532057652006 2080.7305039483413   
237 2370 1.3807101490818388 14200.573599296418 2070.9611558134075 2.0730452386700695e+03 2077.2874133654573 2084.500382086611   
238 2380 1.3144811538926982 14382.614517009637 2070.9611558134075 2.0732495968712342e+03 2076.1409765577046 2080.4240803223033   
239 2390 1.3433295403977579 14807.01257447355 2070.9611558134075 2.0710688870508429e+03 2077.523187550337 2081.151667070398   
240 2400 1.299332232897915 15005.7143446213 2070.8391080797082 2.0708391080797082e+03 2072.778350210175 2076.4538947251663   
241 2410 1.2601347939043368 15011.454789299883 2070.8391080797082 2.0712410662743182e+03 2074.224938309325 2075.675693009945   
242 2420 1.1948161721440202 14985.200579150276 2070.4853450394053 2.0704853450394053e+03 2072.6120466587686 2074.3275834436054   
243 2430 1.1180643850540644 14885.590741901431 2070.368264143847 2.0703682641438468e+03 2072.8942629476905 2074.7378743783343   
244 2440 1.1355849863900516 15247.041636400885 2068.3171068196534 2.0683171068196534e+03 2074.3411886935255 2076.689149774414   
245 2450 1.1841002529988274 14637.271235156904 2068.3171068196534 2.0687969860935186e+03 2072.592298901681 2074.653106665305   
246 2460 1.255587991828512 15144.485003031401 2067.4392450882497 2.0674392450882497e+03 2071.183806655221 2073.8910297422867   
247 2470 1.4161210541022362 15824.130019943874 2067.4392450882497 2.0685661477816429e+03 2070.3264989160584 2075.157209014966   
248 2480 1.3467426342600106 16380.556170341571 2067.1971451102 2.0671971451101999e+03 2071.640511696942 2076.528507281609   
249 2490 1.3313492703992538 16204.459658974885 2066.1520484732237 2.0661520484732237e+03 2069.595429930888 2072.318217204173   
250 2500 1.2895868814428222 16901.81103789551 2066.1520484732237 2.0669523452389435e+03 2070.1060315577292 2071.3823916529955   
251 2510 1.2480953079538746 16541.081186282434 2066.1520484732237 2.0670021872827519e+03 2069.0432969562103 2070.312901660808   
252 2520 1.272692181999408 16593.080368405062 2066.1520484732237 2.0665218805664827e+03 2069.43392853728 2088.4678597503207   
253 2530 1.2593161108126238 15911.331877943056 2065.788631843743 2.0657886318437431e+03 2067.917077699467 2073.5190608808066   
254 2540 1.3207129241849633 15977.962801360492 2065.167406913869 2.0651674069138689e+03 2068.713594931107 2072.156830492672   
255 2550 1.4131798572066108 16382.507919887523 2064.4698514442343 2.0644698514442343e+03 2068.2694329920987 2070.262691139458   
256 2560 1.3643097326970044 16571.567144918405 2064.4698514442343 2.0652831253028435e+03 2068.19143203028 2072.4076896111037   
257 2570 1.3857359912293947 16494.778929883927 2064.3445260551166 2.0643445260551166e+03 2066.9860076271216 2071.4229524848206   
258 2580 1.3754830979542476 16228.430136723446 2063.6669023569552 2.0636669023569552e+03 2068.2770390478163 2084.423173543632   
259 2590 1.3751385296365009 15649.616640649707 2063.0061359780057 2.0630061359780057e+03 2066.9734761088675 2069.218202378521   
260 2600 1.4907218236180233 15509.028395206959 2062.5036624684985 2.0625036624684985e+03 2066.5061946837877 2068.1646221967458   
261 2610 1.4873178201932964 15329.348999332193 2062.5036624684985 2.0640487214561895e+03 2067.1582283808334 2072.286246095427   
262 2620 1.5339547390068389 15344.284036795967 2062.5036624684985 2.0651091034768688e+03 2067.4737049738187 2069.482738465335   
263 2630 1.6232403325110218 15497.784218654991 2061.7035302943978 2.0617035302943978e+03 2066.016327689497 2073.227483933323   
264 2640 1.676909842981434 15359.43980042989 2060.739558331201 2.0607395583312009e+03 2066.7510312581107 2086.4774538596776   
265 2650 1.6491374545727149 15173.895921876967 2060.739558331201 2.0641370526430119e+03 2067.9579406009584 2071.0722485659585   
266 2660 1.5123120715660374 15329.457112483322 2060.739558331201 2.0640931031036334e+03 2067.298758035149 2075.0774902446637   
267 2670 1.48175545037967 15293.612076170315 2060.739558331201 2.0611756873308491e+03 2068.964364803768 2072.9637731679886   
268 2680 1.5157550321551052 15172.892456006804 2060.739558331201 2.0622833229640614e+03 2065.135988468912 2075.8173910040173   
269 2690 1.5938147457949374 14683.737526903695 2060.739558331201 2.0608522623444464e+03 2065.1593485016274 2068.2619143828547   
270 2700 1.7522558779572448 14960.642996602119 2058.432024203742 2.0584320242037420e+03 2062.537679812823 2064.563044492294   
271 2710 1.701746251194695 15021.319350573509 2058.432024203742 2.0590346941363041e+03 2061.8322109416595 2064.958362494837   
272 2720 1.780189853292283 14948.671972719725 2057.963183907366 2.0579631839073659e+03 2062.4539454998235 2067.442123813561   
273 2730 1.7320754695324034 15243.6819551226 2057.963183907366 2.0588560811964903e+03 2061.467719309995 2069.5612084606523   
274 2740 1.8093946338045432 15256.153067211664 2057.792616229532 2.0577926162295321e+03 2061.781120874255 2071.571289610412   
275 2750 1.903640519556614 15380.820864513218 2053.434661553098 2.0534346615530981e+03 2060.564523685491 2061.84445227237   
276 2760 2.0765118577034403 16185.563492171386 2053.434661553098 2.0539339128851821e+03 2058.2796212523886 2063.132961376516   
277 2770 2.137141136136641 16825.709116363567 2053.434661553098 2.0555565623890043e+03 2059.6597220118388 2061.0611892719576   
278 2780 2.1490439779026236 16739.985566715848 2052.5213826252693 2.0525213826252693e+03 2058.8307856263286 2076.793876523975   
279 2790 2.12890972288953 16662.866973338012 2052.5213826252693 2.0532911518711389e+03 2058.376644408707 2062.577806189185   
280 2800 2.2732078343204583 17155.593619360145 2052.5213826252693 2.0540317154542649e+03 2057.2772207833314 2103.838350332929   
281 2810 2.397643229051979 17855.6141902512 2052.314110708538 2.0523141107085380e+03 2055.7913032022043 2062.046300379733   
282 2820 2.8373117207346366 19249.541639351784 2050.424563579405 2.0504245635794050e+03 2055.529219399864 2059.2358683495345   
283 2830 2.984590815931343 19983.36888513789 2050.424563579405 2.0517551744012753e+03 2058.2834737893713 2064.1661358412   
284 2840 3.190449645128702 20558.993323607403 2049.502748173706 2.0495027481737061e+03 2056.714171555923 2062.615080792264   
285 2850 3.340674585573812 21203.684904235513 2049.502748173706 2.0514187985808990e+03 2057.8650233127278 2061.0832649159997   
286 2860 3.4078250324601873 22180.079259201357 2049.502748173706 2.0527752367894564e+03 2060.2199055361552 2076.6149219397635   
287 2870 3.3636356068227973 23044.199416049978 2049.502748173706 2.0549551029946788e+03 2062.495711151048 2068.840568650912   
288 2880 3.3101767189413853 22296.237731337358 2049.502748173706 2.0559580404797985e+03 2061.704657990631 2075.646982821181   
289 2890 3.09354097831463 21552.92557154631 2049.502748173706 2.0526540771102568e+03 2058.172863219586 2066.8006840864214   
290 2900 2.851777533749938 21819.835685410722 2049.502748173706 2.0507271865289513e+03 2059.1180936405585 2065.520847321864   
291 2910 2.783289218854534 22930.56735208549 2049.502748173706 2.0507281102449469e+03 2058.100940477153 2064.465153551383   
292 2920 2.7391667556598116 22810.55438170864 2049.502748173706 2.0501629432284753e+03 2055.7293260458277 2059.4345698271864   
293 2930 2.6554571689172732 22499.9243942048 2049.502748173706 2.0499337881595088e+03 2054.1395488428248 2059.5021977984957   
294 2940 2.455989142469396 23495.43693780273 2049.502748173706 2.0505538296855239e+03 2053.1997538948513 2057.8980066151075   
295 2950 2.1766133682830433 23425.799521707017 2049.502748173706 2.0496569234020390e+03 2052.977942437963 2060.724462839086   
296 2960 1.894881686338986 25032.90082205617 2049.0737487027154 2.0490737487027154e+03 2051.4274758508436 2054.503199698513   
297 2970 1.9067043345415886 25427.3408759786 2049.0737487027154 2.0491680014935755e+03 2051.019896043451 2054.8307930866295   
298 2980 1.7992776391505132 24916.99285065811 2048.37099596522 2.0483709959652201e+03 2050.7840852845025 2052.4915376690114   
299 2990 1.6486957738411425 25115.413263397364 2048.37099596522 2.0491731600770963e+03 2050.5189604341067 2053.5217266088744   
300 3000 1.612236752410474 24833.104079922185 2048.37099596522 2.0488775214297711e+03 2049.923965284904 2051.8425307187504   
301 3010 1.4966225430057958 24659.523888786884 2048.37099596522 2.0486274945836071e+03 2049.6104924935453 2052.4979380117843   
302 3020 1.3503907885410116 24440.29208404705 2048.198076304216 2.0481980763042161e+03 2050.74312890737 2055.9976626233283   
303 3030 1.2711398512747856 24227.96437783015 2047.886615658812 2.0478866156588119e+03 2050.5748228767147 2051.5059190705606   
304 3040 1.2256376945725023 24558.865284058138 2047.4724232766773 2.0474724232766773e+03 2048.9402799249506 2053.499409090679   
305 3050 1.210064731394895 25242.493714628905 2047.269820276022 2.0472698202760221e+03 2048.6161245297612 2050.2611429888575   
306 3060 1.2133032451876282 25985.693344536707 2047.269820276022 2.0476727278253306e+03 2049.4501211467596 2051.8124570827913   
307 3070 1.1762042281969658 25283.69375877249 2047.048375533511 2.0470483755335110e+03 2048.983132163248 2052.0294305407024   
308 3080 1.175842781623282 25410.46825188487 2046.9990933858307 2.0469990933858307e+03 2048.748284563596 2049.0263205004067   
309 3090 1.1827610461272804 25402.427553077738 2046.9990933858307 2.0472796510419043e+03 2049.6238404894775 2050.87757214355   
310 3100 1.1601744445953963 25565.158236664414 2046.9990933858307 2.0470729067992374e+03 2049.000174320097 2050.5958448082242   
311 3110 1.2616887959350216 25257.146605406993 2046.9990933858307 2.0472266472149972e+03 2048.460047563483 2049.6196286762683   
312 3120 1.2358407460177896 26140.59034448189 2046.9990933858307 2.0470920761071650e+03 2048.598461030429 2049.9154234847397   
313 3130 1.1959572072401052 25005.991010875183 2046.8922404458735 2.0468922404458735e+03 2048.047461635848 2049.1491288913335   
314 3140 1.0773405927836104 24713.779217619915 2046.8922404458735 2.0470605312999730e+03 2048.0079800934427 2051.268101035041   
315 3150 1.0636884012499581 24646.158512982463 2046.8382355364633 2.0468382355364633e+03 2047.6930191136769 2048.797274088998   
316 3160 1.0372001408954923 24223.241626945437 2046.8382355364633 2.0469171221574836e+03 2047.5876553546266 2049.229824784133   
317 3170 1.0709096446071904 25085.11970195634 2046.7782223427387 2.0467782223427387e+03 2047.402079171771 2048.3915961606453   
318 3180 1.0654710125950113 24566.501520228307 2046.7062149293317 2.0467062149293317e+03 2047.5319867825858 2049.34012540552   
319 3190 1.0439260320855188 24313.675818494925 2046.6481269015403 2.0466481269015403e+03 2047.0805564869004 2048.706282811199   
320 3200 1.055909791398457 24517.7348084412 2046.5903305748866 2.0465903305748866e+03 2046.9912778498724 2048.185594073895   
321 3210 1.0766334360854994 24393.746965246384 2046.49976842086 2.0464997684208599e+03 2046.7906799222292 2048.1541389042195   
322 3220 1.1270979463102577 24428.57689488491 2046.49976842086 2.0466389961672703e+03 2047.0826200489194 2047.7250363401085   
323 3230 1.0830386084831767 24806.66482563032 2046.49976842086 2.0465057043054653e+03 2047.04244328266 2049.044230252868   
324 3240 1.1100587535324462 24794.941390927645 2046.1850901784908 2.0461850901784908e+03 2046.7170145792625 2047.82926318927   
325 3250 1.1432534177499918 25347.414040252694 2046.0323920041367 2.0460323920041367e+03 2046.6184277299094 2047.6019965071152   
326 3260 1.1364619419132203 26254.08418685149 2045.9901956301385 2.0459901956301385e+03 2046.5186228222276 2047.338832026435   
327 3270 1.1897760165412352 26742.338543717062 2045.775615596246 2.0457756155962461e+03 2046.4471018618176 2048.2940778451766   
328 3280 1.166058764543704 26738.60797391969 2045.7054332669297 2.0457054332669297e+03 2046.6627357069879 2047.3562579756324   
329 3290 1.132018030328624 27495.624198096462 2045.4668953027071 2.0454668953027071e+03 2046.5122625184013 2047.6199228711503   
330 3300 1.068679219511465 28692.58197634655 2045.4668953027071 2.0456259713366583e+03 2046.0626993687267 2046.8093235360918   
331 3310 1.0756863344219414 28877.642102692655 2045.3860828091456 2.0453860828091456e+03 2046.1000985160115 2046.6570498893375   
332 3320 1.0802374087220619 28125.05245817385 2045.3860828091456 2.0454562216632792e+03 2045.8460200606105 2047.1898472936607   
333 3330 1.1398522085631568 27475.598792625337 2045.3860828091456 2.0458291786063669e+03 2046.2960159611368 2047.303463990894   
334 3340 1.0789001213788425 26736.91305114383 2045.3860828091456 2.0454103265412075e+03 2046.0132334970258 2047.522880656983   
335 3350 1.0331282159233353 27050.617530821415 2045.3860828091456 2.0454915219077013e+03 2045.9176427156322 2046.5329446693445   
336 3360 0.9062569101646161 26915.3372660687 2045.3860828091456 2.0454061924738703e+03 2045.8413584048674 2047.513174740416   
337 3370 0.7954889674202795 25984.66236759866 2045.3860828091456 2.0453906471122698e+03 2045.8108082420563 2047.228082070949   
338 3380 0.7306940887438635 25556.665096782614 2045.1262525189527 2.0451262525189527e+03 2045.5611367602637 2046.0593036432172   
339 3390 0.6433031677644776 24929.837638414163 2045.1262525189527 2.0452529119009662e+03 2045.5243885175048 2045.9567034969293   
340 3400 0.5693059015037735 25551.77141361463 2045.1262525189527 2.0451966128048603e+03 2045.476475871528 2045.7031103905545   
341 3410 0.5130038632123575 25784.480417013143 2045.1262525189527 2.0451408948173405e+03 2045.3237302728319 2045.6039810933166   
342 3420 0.4972946362309338 25521.745811146036 2045.1262525189527 2.0451663434620464e+03 2045.4090089362949 2045.6654344295544   
343 3430 0.5224395096318281 25255.67031352873 2045.1262525189527 2.0452378406703381e+03 2045.3057956426526 2045.398843221293   
344 3440 0.5188448910923188 25337.077597665677 2045.1262525189527 2.0452187195316126e+03 2045.4131241771386 2045.6467198874789   
345 3450 0.476466767995588 25960.625698251628 2045.1104517076474 2.0451104517076474e+03 2045.3501030799657 2045.5532301251656   
346 3460 0.4204674654296887 26185.481730096737 2045.1104517076474 2.0451457137575601e+03 2045.321689637943 2045.4833398235032   
347 3470 0.38546538210057363 26638.50865877236 2045.1104517076474 2.0451765236217759e+03 2045.276469228898 2045.446289150257   
348 3480 0.3859425455391299 26847.58582928068 2045.1104517076474 2.0451486394810343e+03 2045.2233860562737 2045.3425980563181   
349 3490 0.3795707257255723 25949.509614253893 2045.1023860532332 2.0451023860532332e+03 2045.2397819826483 2045.401480060376   
350 3500 0.3706614241320877 26494.24374898219 2045.0156464719942 2.0450156464719942e+03 2045.2717570173147 2045.3726351169607   
351 3510 0.35121577323600406 27629.90489439963 2045.0156464719942 2.0450500799307688e+03 2045.2525148757175 2045.3680946476209   
352 3520 0.33200943218190754 28420.935657972896 2045.0156464719942 2.0450858477051916e+03 2045.2168740814716 2045.2880181094197   
353 3530 0.3267056004551326 28215.089360433616 2045.0156464719942 2.0450770228333145e+03 2045.1464219229995 2045.3915227519988   
354 3540 0.3081926591786849 28085.68885927173 2045.0156464719942 2.0451101847976859e+03 2045.1975381367008 2045.2858913218574   
355 3550 0.3027505146309875 28448.771335820198 2045.0156464719942 2.0450503584737198e+03 2045.128840066311 2045.230750321913   
356 3560 0.3073613353619596 29009.467415584764 2045.0156464719942 2.0450321784435969e+03 2045.1698330205982 2045.2583061767193   
357 3570 0.2867732923149998 27522.43763975054 2045.0156464719942 2.0450171404275907e+03 2045.1297368463847 2045.2440058310883   
358 3580 0.268519785801377 27440.394865075952 2045.0156464719942 2.0450682760428185e+03 2045.166707393057 2045.2664631732216   
359 3590 0.2589779789493733 27431.072860479337 2045.0156464719942 2.0450716131743657e+03 2045.1377027894266 2045.190643191041   
360 3600 0.24412878037042746 27590.088488230307 2045.0156464719942 2.0450360972195251e+03 2045.134310281113 2045.15641213535   
361 3610 0.22219257893472044 26814.978759147732 2045.0156464719942 2.0450226153064868e+03 2045.1229053423478 2045.2073273994731   
362 3620 0.21032347211142338 27058.88210956432 2045.0156464719942 2.0450689655363547e+03 2045.104128859043 2045.1656224663832   
363 3630 0.18674756454786864 26564.052449598163 2045.0156464719942 2.0450769330195476e+03 2045.1398892027646 2045.195881946703   
364 3640 0.17386964779124225 25912.92962122247 2045.0156464719942 2.0450285860643744e+03 2045.1083459774297 2045.1526191542696   
365 3650 0.16230564664558242 25761.47488709644 2045.0156464719942 2.0450462234873924e+03 2045.1020402084848 2045.1613364935517   
366 3660 0.1533850921945643 25810.36828807389 2045.0156464719942 2.0450653566909368e+03 2045.0967642019139 2045.1069785618577   
367 3670 0.14646948095106907 26153.11406036502 2045.0156464719942 2.0450201939445142e+03 2045.0640475495181 2045.1024277572667   
368 3680 0.14657326463979967 26695.41278447374 2045.0156464719942 2.0450564886023308e+03 2045.0961867560952 2045.1320992299593   
369 3690 0.14124237239841417 26335.421124824636 2045.0156464719942 2.0450249091137296e+03 2045.0819707865649 2045.1212452775067   
370 3700 0.13429903898091203 26987.37530092909 2045.0156464719942 2.0450253017009818e+03 2045.0760342595756 2045.1445566935436   
371 3710 0.1284411818587424 26596.312734902043 2045.0156464719942 2.0450314600220449e+03 2045.0822317443012 2045.1361495984204   
372 3720 0.11973160204156305 26587.62798197325 2045.0156464719942 2.0450158194209143e+03 2045.0915208005756 2045.1321392110947   
373 3730 0.11402745372119469 27110.701077688213 2045.0149488959676 2.0450149488959676e+03 2045.061765051458 2045.1098540011117   
374 3740 0.11185861709137761 27247.082651925353 2045.0149488959676 2.0450275328331934e+03 2045.0439426263163 2045.0936198603588   
375 3750 0.10884370000064482 26984.634922377692 2045.0149488959676 2.0450209478247027e+03 2045.0675443229882 2045.107682949328   
376 3760 0.1033844481671977 26922.094952948384 2045.0144915063313 2.0450144915063313e+03 2045.0641621732116 2045.0870369343575   
377 3770 0.11470527651655138 26827.931511495302 2045.0042854278706 2.0450042854278706e+03 2045.0652520704396 2045.0869398071875   
378 3780 0.11933673792519311 27807.358900900042 2045.0042854278706 2.0450388472468296e+03 2045.0595078126973 2045.08016528807   
379 3790 0.126896777630134 28456.376352026724 2045.0042854278706 2.0450238899427084e+03 2045.0482944469177 2045.0765783226614   
380 3800 0.13413412686716555 28795.279981307678 2045.0042854278706 2.0450248634242535e+03 2045.0536594343898 2045.0671812474488   
381 3810 0.13639690335865673 29869.750444748384 2045.0042854278706 2.0450052974938849e+03 2045.0545808092784 2045.102034600672   
382 3820 0.14492314136876033 30277.54971294153 2044.9993667292097 2.0449993667292097e+03 2045.0422222842703 2045.1088833810645   
383 3830 0.1455579764279178 30443.705475471623 2044.9993667292097 2.0450207577617095e+03 2045.048859858851 2045.0968938204608   
384 3840 0.14600749953266565 30486.921913349164 2044.9993667292097 2.0450117015671806e+03 2045.058519824254 2045.083288082915   
385 3850 0.14436127660243567 30038.830463493436 2044.9993667292097 2.0450225204961814e+03 2045.0665707941662 2045.088602082327   
386 3860 0.14858629775051962 28975.60997529427 2044.9993667292097 2.0450064216978751e+03 2045.037387650725 2045.0643585157552   
387 3870 0.14704168054037803 30563.65928581824 2044.9993667292097 2.0450095965360820e+03 2045.0596394849204 2045.0774157347198   
388 3880 0.13488561448449085 31811.63251021314 2044.9993667292097 2.0450146094561949e+03 2045.0540922843343 2045.0840770379878   
389 3890 0.13179090380153777 32333.08282728351 2044.9993667292097 2.0450312354856972e+03 2045.056616954487 2045.077836390815   
390 3900 0.13322977269632721 31853.64360558964 2044.9993667292097 2.0450159794282406e+03 2045.0513077044636 2045.0746186375547   
391 3910 0.13567504843437095 31689.58545331852 2044.9993667292097 2.0450427977514885e+03 2045.0685861659292 2045.0907308314522   
392 3920 0.1385557457309438 32704.50245805944 2044.9993667292097 2.0450343809513895e+03 2045.0521911444555 2045.074430535652   
393 3930 0.13624566630837226 32874.47607568595 2044.9993667292097 2.0450309492855688e+03 2045.059523034045 2045.0987178022745   
394 3940 0.1314360723923204 32825.81297493999 2044.9993667292097 2.0450228636832974e+03 2045.0652866725115 2045.0977007948873   
395 3950 0.12644197346475788 33175.8506488995 2044.9993667292097 2.0450278435349874e+03 2045.0623454963118 2045.07742013982   
396 3960 0.12362620564105789 33497.42227430547 2044.9993667292097 2.0450271491403225e+03 2045.06511798891 2045.0750689273996   
397 3970 0.12541075913779848 34639.19241456058 2044.9993667292097 2.0450336884113212e+03 2045.0497712642052 2045.0723716010893   
398 3980 0.12628080342516787 36556.52450910277 2044.9993667292097 2.0450083464776276e+03 2045.0464856938897 2045.083716449776   
399 3990 0.12596366112563182 36177.26793667497 2044.9993667292097 2.0450101321235070e+03 2045.0361446898858 2045.0572913143862   
400 4000 0.12421533907680812 38286.27261295934 2044.9993667292097 2.0450229701546345e+03 2045.0357347782121 2045.0531559886338   
401 4010 0.12069648664416167 39389.351763870174 2044.9993667292097 2.0450165281783350e+03 2045.0423589901075 2045.0692227068116   
402 4020 0.12207827541216501 39490.442879482835 2044.9993667292097 2.0450164828808026e+03 2045.0391956304445 2045.0650699362213   
403 4030 0.1255919279445364 40176.520385385906 2044.9993667292097 2.0450014902156681e+03 2045.0361109242024 2045.0670685240325   
404 4040 0.12294366792363762 39527.81847260757 2044.9993667292097 2.0450047736108086e+03 2045.031960059166 2045.0681077313518   
405 4050 0.11574953268479302 40314.23235542791 2044.9993667292097 2.0450134313944704e+03 2045.0384810811424 2045.0553244864989   
406 4060 0.10474242125266287 40859.78997211009 2044.9993667292097 2.0450000429133522e+03 2045.028537169644 2045.0608951701422   
407 4070 0.10037148885841404 40817.30676778379 2044.9993667292097 2.0450213078378574e+03 2045.0385733346445 2045.063485962329   
408 4080 0.094006046752042 41812.144180812145 2044.9993667292097 2.0450152935798130e+03 2045.0402550280585 2045.0472190035566   
409 4090 0.0925036570978505 41699.62766230612 2044.9993667292097 2.0450036833902900e+03 2045.0179507656703 2045.0501357536064   
410 4100 0.08560211571385272 42627.461578214185 2044.9993667292097 2.0450039800244781e+03 2045.0274160988124 2045.038969336528   
411 4110 0.08214166633459265 41191.87728354508 2044.9993667292097 2.0450125995065871e+03 2045.0345981192825 2045.040067787876   
412 4120 0.07561894540238195 40832.54099710057 2044.9993667292097 2.0450054031322422e+03 2045.0312534792963 2045.0532316318556   
413 4130 0.07573049281780808 39585.94624675428 2044.9993667292097 2.0450058359246032e+03 2045.0205576583437 2045.0489600563733   
414 4140 0.0689726280390356 39544.02438719177 2044.9993667292097 2.0450023661524353e+03 2045.0311608068614 2045.0456587975918   
415 4150 0.06574623175612897 39526.22606877273 2044.9993667292097 2.0450058240817475e+03 2045.0225019610969 2045.036229451162   
416 4160 0.06544420277782363 40168.91743873639 2044.9980275384435 2.0449980275384435e+03 2045.0123762529956 2045.0272907761077   
417 4170 0.07257052777556944 40145.1696809231 2044.99693401563 2.0449969340156299e+03 2045.0058807578953 2045.028894633028   
418 4180 0.07224673223760102 38707.344297604504 2044.99693401563 2.0450094263145704e+03 2045.0204877277786 2045.038349124166   
419 4190 0.06920075438817566 38811.29920564813 2044.99693401563 2.0450013255884107e+03 2045.014866918242 2045.0286133997827   
420 4200 0.06789493630758375 39922.853503057835 2044.99693401563 2.0449980709929375e+03 2045.016928537621 2045.0359445441377   
421 4210 0.0657063744959153 39323.18355434249 2044.99693401563 2.0450055935110022e+03 2045.0156317370124 2045.0351349088605   
422 4220 0.0671921685023737 39491.431248995694 2044.99693401563 2.0450108401922894e+03 2045.0162514005397 2045.0323395078194   
423 4230 0.07480211914507502 37573.86969021709 2044.9917443484624 2.0449917443484624e+03 2045.0073952098635 2045.017979498937   
424 4240 0.07830453523688238 35960.75081415726 2044.9917443484624 2.0449976343560606e+03 2045.0162663333547 2045.0295703664551   
425 4250 0.07761700577770572 35826.16029432162 2044.9917443484624 2.0450038030633120e+03 2045.0112363473709 2045.0288102823124   
426 4260 0.07657478660859166 35972.67901128862 2044.9917443484624 2.0450044160962414e+03 2045.0142072446927 2045.0167948659666   
427 4270 0.07618965644164499 35067.181461621716 2044.9917443484624 2.0450021793823926e+03 2045.013296528236 2045.0311271641172   
428 4280 0.07730270617216302 35127.72205352175 2044.9917443484624 2.0450002010860585e+03 2045.0142802194164 2045.0214952002937   
429 4290 0.07600094511545305 34658.85082922729 2044.9917443484624 2.0449922317966946e+03 2045.0125700360927 2045.0190168842935   
430 4300 0.07069414074768374 34799.62786548117 2044.9917443484624 2.0449988423878626e+03 2045.0136764148942 2045.0201478219074   
431 4310 0.07445462200866058 34027.46608125383 2044.9917443484624 2.0449953541537775e+03 2045.0061307547298 2045.020794470404   
432 4320 0.07474789744258865 33932.26365891395 2044.9917443484624 2.0450014679535775e+03 2045.011881204092 2045.016910941932   
433 4330 0.0691776612160952 32436.63625909483 2044.9917443484624 2.0449988607241821e+03 2045.0142592061159 2045.021841671469   
434 4340 0.06724819722543689 32589.30474540687 2044.9917443484624 2.0449926899427498e+03 2045.006724084815 2045.0151774611295   
435 4350 0.065690531198129 33906.87262614974 2044.9907851202686 2.0449907851202686e+03 2045.0095419621655 2045.0166439637871   
436 4360 0.06378016823819466 33396.88716516735 2044.9907851202686 2.0449971426591856e+03 2045.004925795203 2045.0233503479194   
437 4370 0.06288719805442437 33080.352723232245 2044.9907851202686 2.0449980066122951e+03 2045.007898683754 2045.0146547964841   
438 4380 0.06276048941980351 32807.253162937435 2044.9907851202686 2.0449981045976799e+03 2045.0069059092298 2045.019400068197   
439 4390 0.06288214627064986 33516.31299074928 2044.9907851202686 2.0449969049129691e+03 2045.0015206065477 2045.0074264781017   
440 4400 0.06169963579069148 33731.82859901855 2044.9907851202686 2.0449916089149517e+03 2045.005381734801 2045.0105363805635   
441 4410 0.060634722770221736 34760.82679131166 2044.9907851202686 2.0449950204402276e+03 2045.0021403458413 2045.0083973388366   
442 4420 0.058847677671030156 34073.94040484749 2044.9907851202686 2.0449923989521681e+03 2045.0037677678852 2045.0113280919977   
443 4430 0.056586571087456454 32819.82151169816 2044.9886668662184 2.0449886668662184e+03 2044.9985287842378 2045.009449690944   
444 4440 0.05524975492139373 31976.374572564488 2044.9886668662184 2.0449931188819639e+03 2045.0029392206227 2045.0093053867427   
445 4450 0.05235228389002791 31267.558550161146 2044.9886668662184 2.0449896133302016e+03 2044.9991310227365 2045.0101340896417   
446 4460 0.05139706409534206 30880.199259425965 2044.9886668662184 2.0449889355541206e+03 2044.9971942376055 2045.0022688686815   
447 4470 0.04928426325080642 29822.03895616262 2044.9886668662184 2.0449951846136314e+03 2045.0007305878798 2045.0071586207664   
448 4480 0.046521756600954284 29149.939443334948 2044.9886668662184 2.0449899557119859e+03 2044.9991670938437 2045.0079354430459   
449 4490 0.04518158666350235 28942.122543669873 2044.9886668662184 2.0449910617632677e+03 2044.9998182075612 2045.0027824852293   
450 4500 0.045006760674852 28154.912521538256 2044.9871612497332 2.0449871612497332e+03 2044.9970895018919 2045.004008342638   
451 4510 0.043187139696104715 28046.58731515188 2044.9871612497332 2.0449906310664187e+03 2044.9968312427118 2045.0020324711293   
452 4520 0.040805592633467995 27264.279191218004 2044.9861093317973 2.0449861093317973e+03 2044.9971435887253 2045.0057199408552   
453 4530 0.038737882594812735 27047.674718350612 2044.9861093317973 2.0449874274574204e+03 2044.9947577755047 2044.999815378963   
454 4540 0.038964826766507914 27302.177051757135 2044.9861093317973 2.0449919727165031e+03 2044.9954920449327 2044.9984638692663   
455 4550 0.04052805732210379 27573.176859961222 2044.9861093317973 2.0449888428401491e+03 2044.994418802677 2044.99651138527   
456 4560 0.04251706514905535 26478.211225310635 2044.9861093317973 2.0449891634193548e+03 2044.9947267773339 2045.0006631805522   
457 4570 0.0435735803425991 25767.115598939257 2044.9861093317973 2.0449861954413791e+03 2044.9929746461976 2044.9982454946717   
458 4580 0.044236249126257884 25644.06437555023 2044.9861093317973 2.0449894758738899e+03 2044.994293888471 2044.996426480209   
459 4590 0.04234662635001578 24747.95454151065 2044.9861093317973 2.0449879235592284e+03 2044.9925175898272 2044.9956147566675   
460 4600 0.04059762678983453 24730.578860815043 2044.9861093317973 2.0449889100336152e+03 2044.994492697837 2045.0001438383613   
461 4610 0.04000481551304366 23124.920870266134 2044.9861093317973 2.0449881077297180e+03 2044.9926418380412 2044.9971273395975   
462 4620 0.03588870681546528 23233.729690271077 2044.9861093317973 2.0449896153083346e+03 2044.993858312834 2044.998436464562   
463 4630 0.03221498442188175 22501.23358751176 2044.9861093317973 2.0449863009876819e+03 2044.9922787192284 2044.995754730201   
464 4640 0.030573113343074696 21814.741492670404 2044.9861093317973 2.0449876594587788e+03 2044.9908893013337 2044.9952499816932   
465 4650 0.030794865427745358 21445.14441869455 2044.9861093317973 2.0449872084557483e+03 2044.9922606914188 2044.994080263169   
466 4660 0.030165153238825595 20594.590315819027 2044.985527289325 2.0449855272893251e+03 2044.989473252094 2044.9924130915642   
467 4670 0.030564646243315643 20725.063893827755 2044.985527289325 2.0449873439510359e+03 2044.9913549272776 2044.9952715763238   
468 4680 0.0304538047456972 20332.509922108242 2044.985527289325 2.0449881067186179e+03 2044.9909885760273 2044.9961942730702   
469 4690 0.029307493775916463 20292.042152307993 2044.985527289325 2.0449868172702190e+03 2044.9910830447786 2044.9924758997986   
470 4700 0.029215989498218586 21917.2204271706 2044.985527289325 2.0449875166469469e+03 2044.9900976859808 2044.9934802686628   
471 4710 0.028949411297684143 21047.827501476135 2044.985527289325 2.0449856178978278e+03 2044.9905777598337 2044.9946864269104   
472 4720 0.027774068837452554 21460.857683163933 2044.985527289325 2.0449855862994605e+03 2044.9894220458987 2044.9938743311477   
473 4730 0.026152383016434744 21556.455473951595 2044.985527289325 2.0449855442728629e+03 2044.9895025925973 2044.992911507006   
474 4740 0.02696379008521192 21591.083235870243 2044.985527289325 2.0449884574273030e+03 2044.99082631948 2044.992947037771   
475 4750 0.026284781860151048 20845.41705799873 2044.985527289325 2.0449884016568567e+03 2044.9909357731397 2044.993990869148   
476 4760 0.02621674998422592 20650.670919220247 2044.985527289325 2.0449890081495862e+03 2044.9907322273016 2044.9930560196558   
477 4770 0.025212001492446803 20933.022975293807 2044.985527289325 2.0449859249852213e+03 2044.9891829117826 2044.9950934111873   
478 4780 0.024614506055758028 21159.165971410122 2044.985527289325 2.0449878879492737e+03 2044.9908356858334 2044.993035937528   
479 4790 0.026366398859658576 20375.394018256855 2044.985527289325 2.0449861767586215e+03 2044.9899046506466 2044.9911117021081   
480 4800 0.02554326955745367 20386.455101141713 2044.985420703917 2.0449854207039170e+03 2044.990692748361 2044.9936750274674   
481 4810 0.02502543938849791 20202.628496445737 2044.985420703917 2.0449873835607252e+03 2044.9904200686008 2044.9921773403485   
482 4820 0.023394090581228977 19897.890212597038 2044.985420703917 2.0449881320928489e+03 2044.9905147744564 2044.993259209134   
483 4830 0.022392693983061103 19749.991353250352 2044.985420703917 2.0449871639421988e+03 2044.989946077283 2044.9930064953046   
484 4840 0.020608183170846388 19313.340647793633 2044.985420703917 2.0449884639200443e+03 2044.9895417729206 2044.9933426430505   
485 4850 0.019790609903868116 19607.746950123383 2044.985420703917 2.0449866344869151e+03 2044.9901910075835 2044.9919208312208   
486 4860 0.01760012878549147 19377.6188242156 2044.985420703917 2.0449885776232566e+03 2044.989541112663 2044.9915983309143   
487 4870 0.016345984327801797 18439.62257048083 2044.985420703917 2.0449872401658274e+03 2044.9902787842796 2044.9914374212062   
488 4880 0.017174116946408732 19283.56713277035 2044.985420703917 2.0449875986066477e+03 2044.9887448657107 2044.9903620555192   
489 4890 0.018621991512084646 19697.643506200133 2044.985420703917 2.0449874784895683e+03 2044.9893319778157 2044.9918757631474   
490 4900 0.018165656653454803 20182.845425358275 2044.985420703917 2.0449877126117442e+03 2044.990222897989 2044.992992928293   
491 4910 0.01924848421900337 20178.90224131632 2044.985420703917 2.0449877079514281e+03 2044.990935618482 2044.9917526743313   
492 4920 0.020414154067449314 21138.376065698252 2044.985420703917 2.0449866234711319e+03 2044.98944714744 2044.9927503044905   
493 4930 0.020499136691854394 20741.83139396294 2044.985420703917 2.0449873716648599e+03 2044.9893520112298 2044.9907561699565   
494 4940 0.023649406209539963 20331.352621381422 2044.985420703917 2.0449862247850606e+03 2044.987881655963 2044.9905809522777   
495 4950 0.021570735014924597 20273.148378604685 2044.985420703917 2.0449880450283176e+03 2044.9888223236178 2044.9912230620043   
496 4960 0.019155937803645797 20754.18279486236 2044.985420703917 2.0449870801660047e+03 2044.9895399298296 2044.9927584376778   
497 4970 0.018579261259839084 19742.328636142516 2044.985420703917 2.0449854809134763e+03 2044.9872092695898 2044.9889071002763   
498 4980 0.01971419067887828 19412.918719573987 2044.985420703917 2.0449867126188065e+03 2044.9888874484452 2044.990279223216   
499 4990 0.021400584186876806 19001.22433971043 2044.985420703917 2.0449856649891631e+03 2044.988365605988 2044.9896287529332   
500 5000 0.022907277659641588 18693.081335040762 2044.985420703917 2.0449863448862429e+03 2044.988143553398 2044.9904012370637   
501 5010 0.024102594499799984 18508.947465612473 2044.985420703917 2.0449856287334735e+03 2044.9881871660175 2044.9904360944927   
502 5020 0.024622058189542544 16982.82702798977 2044.985420703917 2.0449859389457779e+03 2044.9880284486387 2044.9890129039727   
503 5030 0.02496695428363753 16619.70782690006 2044.985420703917 2.0449863417873612e+03 2044.9886662491786 2044.9896522670388   
504 5040 0.02374240927384412 16754.44746817608 2044.985420703917 2.0449859437060388e+03 2044.987663096966 2044.990425677031   
505 5050 0.02261965660151553 16454.412273340233 2044.985420703917 2.0449859654397969e+03 2044.9882312336242 2044.9893215130467   
506 5060 0.022269470847943913 15832.543801905855 2044.985420703917 2.0449864162980480e+03 2044.9881630414893 2044.9893855367434   
507 5070 0.02156476562657202 16499.225652203982 2044.985420703917 2.0449856059173696e+03 2044.9881466301515 2044.9897005648445   
508 5080 0.02179032119292424 16596.880456165938 2044.985420703917 2.0449857252818806e+03 2044.987565716423 2044.9883028457382   
509 5090 0.021665873928099013 16506.120990662013 2044.985420703917 2.0449860264280762e+03 2044.9870453830465 2044.9904184964573   
510 5100 0.020597153783671752 16719.110624844154 2044.985420703917 2.0449866139025714e+03 2044.9876366907488 2044.9895121763104   
511 5110 0.020372577522170105 15825.729093134245 2044.985420703917 2.0449857319102880e+03 2044.9875782987847 2044.9884722308495   
512 5120 0.01936423539568477 15925.956353223793 2044.985420703917 2.0449854964154151e+03 2044.9876216637895 2044.9886549444973   
513 5130 0.019291748310613935 15272.34734709602 2044.985420703917 2.0449860945371317e+03 2044.987627662727 2044.9889015292883   
514 5140 0.018465332074471857 15139.157832725423 2044.985420703917 2.0449857176316621e+03 2044.9879161694603 2044.988995605498   
515 5150 0.01701492781614365 15473.114848039395 2044.9853506618178 2.0449853506618178e+03 2044.9872081105939 2044.9877235969193   
516 5160 0.015462698248875351 15520.681132626989 2044.9853506618178 2.0449863858351346e+03 2044.9875842427184 2044.988573927794   
517 5170 0.014794630301350324 15740.868927484182 2044.9853506618178 2.0449857087133983e+03 2044.9872341748205 2044.9886309154738   
518 5180 0.014093735553324084 15999.863514652432 2044.9853506618178 2.0449862017255075e+03 2044.9874105710696 2044.9884519956754   
519 5190 0.012960192719372814 15849.07765627028 2044.9853506618178 2.0449858221988466e+03 2044.987112296512 2044.9881422336591   
520 5200 0.012397128356253917 15650.066305560222 2044.9853506618178 2.0449854513055175e+03 2044.9864077563302 2044.9870489927748   
521 5210 0.012239700874444941 15825.865055006954 2044.9850585172278 2.0449850585172278e+03 2044.986400613402 2044.9878251680805   
522 5220 0.012056573343031998 15615.368325239568 2044.9850585172278 2.0449853805468713e+03 2044.986296675234 2044.9879789007255   
523 5230 0.011845727832990947 15599.1066291758 2044.9850585172278 2.0449854203354132e+03 2044.986173837982 2044.9877456101785   
524 5240 0.01162601802374413 14606.354527081434 2044.9850585172278 2.0449859118641800e+03 2044.9865615501233 2044.9870907845504   
525 5250 0.010926123751887284 14771.155194978228 2044.9850585172278 2.0449852090065615e+03 2044.9865269710624 2044.987328384901   
526 5260 0.00978784455746486 14342.296598742909 2044.9850585172278 2.0449855260819431e+03 2044.9862865351056 2044.9873042817924   
527 5270 0.00915923821585847 13706.013419782976 2044.9850585172278 2.0449852574455551e+03 2044.9859325111183 2044.9869687846267   
528 5280 0.009303803833877728 13484.010856044986 2044.9850585172278 2.0449853636095802e+03 2044.9860587254059 2044.9866019444719   
529 5290 0.009176060111668292 13650.364152070544 2044.9850585172278 2.0449853103283663e+03 2044.9860790772163 2044.98666794157   
530 5300 0.008849078646727513 13564.618707933845 2044.9850585172278 2.0449853794099583e+03 2044.9859339517677 2044.9863623478104   
531 5310 0.008245703929400829 13404.277684851957 2044.9850585172278 2.0449852976616860e+03 2044.9859725295944 2044.9867964440411   
532 5320 0.007859043980438355 13468.82940463184 2044.9849110579787 2.0449849110579787e+03 2044.9858427090371 2044.9865765003592   
533 5330 0.007604811463052885 13809.504055370011 2044.9849110579787 2.0449850098054806e+03 2044.9862100595467 2044.9865887847268   
534 5340 0.0077420580797342145 13865.861619894818 2044.9849098020638 2.0449849098020638e+03 2044.9852623830332 2044.986137596522   
535 5350 0.008649394613544439 14326.867240224705 2044.9849098020638 2.0449851484879755e+03 2044.9857282190058 2044.9864243405045   
536 5360 0.008975314902393767 14250.87839804508 2044.9849098020638 2.0449850293987909e+03 2044.9858386714159 2044.9866018840223   
537 5370 0.009573792481129433 14710.871578361184 2044.9849098020638 2.0449851702564861e+03 2044.9858666330304 2044.9865368110607   
538 5380 0.010354571001098921 15465.979763041147 2044.9848924381615 2.0449848924381615e+03 2044.985916287078 2044.986677210924   
539 5390 0.01092966929408445 15673.0506517903 2044.9848924381615 2.0449853767957998e+03 2044.9859330449028 2044.9862202991271   
540 5400 0.010628789523769732 15876.681145577784 2044.9848924381615 2.0449853069781520e+03 2044.9859136322236 2044.9864280872616   
541 5410 0.011205258074613254 16059.784163706363 2044.9848924381615 2.0449851674204513e+03 2044.9856829235725 2044.9867217197248   
542 5420 0.012470512504278114 15023.484096363152 2044.9848924381615 2.0449851817158094e+03 2044.9858997999795 2044.9862971667205   
543 5430 0.01352029081484709 14726.358768124883 2044.9848924381615 2.0449850425431255e+03 2044.9859145205323 2044.9872497342867   
544 5440 0.014977315719140715 14008.975924053158 2044.9848924381615 2.0449852831872845e+03 2044.985998679087 2044.9866329922156   
545 5450 0.015395569953768602 15096.690446699296 2044.9848924381615 2.0449851286355383e+03 2044.985595563433 2044.986212230813   
546 5460 0.015049866829428896 14664.766150247206 2044.9848924381615 2.0449851836871346e+03 2044.9861051204703 2044.9868796729272   
547 5470 0.014774139165237185 14020.780770911071 2044.9848924381615 2.0449849624640087e+03 2044.9860373504891 2044.9867898991379   
548 5480 0.015222027790438887 14015.55978212074 2044.9848924381615 2.0449854282805295e+03 2044.9862801934587 2044.9868649295454   
549 5490 0.01598464378320342 13133.742340773888 2044.9848924381615 2.0449853678646550e+03 2044.9862026577796 2044.986905069116   
550 5500 0.015912693562071072 13232.56916004946 2044.9848924381615 2.0449850253981197e+03 2044.9860269330047 2044.9865153941917   
551 5510 0.01562327347133155 13393.065297685462 2044.9848924381615 2.0449850348557527e+03 2044.9855991883458 2044.9871572408322   
552 5520 0.016721300378464806 13659.782275480946 2044.9848924381615 2.0449849418167719e+03 2044.9858837976187 2044.9863374931542   
553 5530 0.01738988705116388 13941.4209945088 2044.9848457796065 2.0449848457796065e+03 2044.9857152730133 2044.9862970705985   
554 5540 0.016314600270704447 14123.748018417 2044.9848457796065 2.0449851406350865e+03 2044.9856147745922 2044.986318078534   
555 5550 0.0157881901430291 14695.857409725068 2044.9848457796065 2.0449850366478229e+03 2044.9857768636057 2044.9863657043516   
556 5560 0.016379151088632023 15310.72507993682 2044.9846850507333 2.0449846850507333e+03 2044.9853843669682 2044.9863133877122   
557 5570 0.01637070296129381 14752.748736462787 2044.9846850507333 2.0449852084185197e+03 2044.9857834444692 2044.9863442329122   
558 5580 0.014802086897370273 14762.777848833874 2044.9846850507333 2.0449850593596773e+03 2044.9859862683531 2044.9869687014325   
559 5590 0.015059410135444666 14323.06509258327 2044.9846850507333 2.0449847803660041e+03 2044.985756132077 2044.9864945496963   
560 5600 0.014819197009028744 13558.000229155456 2044.9846850507333 2.0449847701202552e+03 2044.9855866470864 2044.9861106038811   
561 5610 0.015215221238369171 12966.429715746888 2044.9846850507333 2.0449848387288207e+03 2044.9859031365295 2044.9861881560078   
562 5620 0.015752786611699737 12858.885289499158 2044.9846850507333 2.0449851946561644e+03 2044.9856901292094 2044.9864446691136   
563 5630 0.015285596998296704 12887.03773607883 2044.9846850507333 2.0449850487203789e+03 2044.9858211590956 2044.986417642823   
564 5640 0.015721759830344517 13024.430118619324 2044.9846850507333 2.0449849349128408e+03 2044.9852953483498 2044.985824159136   
565 5650 0.015525833648526869 12621.926884440096 2044.9846850507333 2.0449853324040891e+03 2044.9858656326446 2044.986531847272   
566 5660 0.015277039817826648 12911.609368877409 2044.9846850507333 2.0449854505704318e+03 2044.9855653584948 2044.9863120747832   
567 5670 0.015197012879459118 12866.845099221262 2044.9846850507333 2.0449850377918469e+03 2044.9859653849971 2044.9863544236957   
568 5680 0.01493641949007843 13153.174462499268 2044.9846850507333 2.0449851357960006e+03 2044.9857544611725 2044.9861017673343   
569 5690 0.01490234633186564 13274.08659202719 2044.9846850507333 2.0449848583982148e+03 2044.9856326434967 2044.9861151192358   
570 5700 0.013767865068648515 13469.143740298858 2044.9846850507333 2.0449847660598180e+03 2044.9855667558197 2044.9865552813735   
571 5710 0.012541416570727755 13439.046190732182 2044.9846850507333 2.0449850571886536e+03 2044.9854618604186 2044.9857789699013   
572 5720 0.012645242308856776 13879.04394724049 2044.9846850507333 2.0449847994859063e+03 2044.9851905982205 2044.9855956675933   
573 5730 0.011910592895459187 13569.836493567554 2044.9846850507333 2.0449848178678305e+03 2044.9855573179302 2044.9861177205855   
574 5740 0.011898994276720537 13660.411704749113 2044.9846850507333 2.0449848537960249e+03 2044.985305941287 2044.985551989099   
575 5750 0.011479443071562005 13565.601082612862 2044.9846850507333 2.0449848527645181e+03 2044.985242601166 2044.9857795803068   
576 5760 0.01137476897557317 13546.35902979697 2044.9846850507333 2.0449846935372673e+03 2044.9853075580304 2044.9858483722596   
577 5770 0.010331737281315439 13593.503340383008 2044.9846850507333 2.0449849326374544e+03 2044.985290250784 2044.985676945045   
578 5780 0.00976244608321705 13212.42836004868 2044.9846850507333 2.0449847041236139e+03 2044.9851119751404 2044.9855119532513   
579 5790 0.009665403342135944 12847.121980978398 2044.9846850507333 2.0449847793173731e+03 2044.9852148284965 2044.985431072178   
580 5800 0.00916344931376869 12367.552703729192 2044.9846658765262 2.0449846658765262e+03 2044.9852719317098 2044.985498446764   
581 5810 0.008748652629638242 12160.794434441468 2044.9846658765262 2.0449848346739959e+03 2044.9853235850323 2044.9857775158493   
582 5820 0.008334594958899539 12100.737480588175 2044.9846658765262 2.0449848948441199e+03 2044.9852428341787 2044.9856445667642   
583 5830 0.007693854257636881 12511.00901149591 2044.9846493313237 2.0449846493313237e+03 2044.985279029472 2044.9855239064805   
584 5840 0.007495717354622796 12294.705080677128 2044.9846493313237 2.0449847552366346e+03 2044.9850537770108 2044.985558320121   
585 5850 0.007396638620122767 11833.862264452746 2044.9846493313237 2.0449848745849383e+03 2044.985093079185 2044.9853635730194   
586 5860 0.007258665123466411 11320.021661944987 2044.984432846594 2.0449844328465940e+03 2044.9851754033477 2044.985386509634   
587 5870 0.007655127834379657 11160.422626777325 2044.984432846594 2.0449845642706985e+03 2044.9849775497394 2044.9854024208125   
588 5880 0.007307253360595451 11553.80372624928 2044.984432846594 2.0449847230582488e+03 2044.9851044794636 2044.9851921189181   
589 5890 0.007951880860688825 11313.63544791333 2044.984432846594 2.0449845914911962e+03 2044.9849578330789 2044.9852075037268   
590 5900 0.00826231254488373 11204.77708049857 2044.984432846594 2.0449845162668441e+03 2044.984839535402 2044.9851281625608   
591 5910 0.008496035535341787 11067.673382154713 2044.984432846594 2.0449846801638580e+03 2044.9849290394006 2044.9851704628659   
592 5920 0.00895252953896473 12216.929570672597 2044.984432846594 2.0449845470638988e+03 2044.984986111885 2044.9852278907965   
593 5930 0.00838545428787082 12353.104758894055 2044.984432846594 2.0449846202236283e+03 2044.9849900144238 2044.9851601524758   
594 5940 0.009079161643240777 12236.781686139895 2044.984432846594 2.0449844863681576e+03 2044.9847586190656 2044.9851564141393   
595 5950 0.009504030650551611 11693.557704905365 2044.984432846594 2.0449845026944029e+03 2044.9848373010093 2044.984973828137   
596 5960 0.010304733884512092 12300.74164109568 2044.984432846594 2.0449845576326825e+03 2044.9848900370293 2044.9851766679476   
597 5970 0.010423881804528442 13558.46159109947 2044.984432846594 2.0449845576521489e+03 2044.9848161263608 2044.9853236581175   
598 5980 0.01064559713368461 13734.547498028745 2044.984432846594 2.0449846250543619e+03 2044.9848263265162 2044.985019049577   
599 5990 0.011559250063212552 13662.189547934964 2044.984432846594 2.0449844845470348e+03 2044.9847943571137 2044.9852424053472   
600 6000 0.010851245515937228 13495.513317525592 2044.984432846594 2.0449845110510046e+03 2044.9847896835386 2044.9850114326257   
601 6010 0.00983175835236922 13093.1498760544 2044.9844062261147 2.0449844062261147e+03 2044.9846722177965 2044.9849942525007   
602 6020 0.009219598570233967 12806.264127270786 2044.9844062261147 2.0449845060070647e+03 2044.9847130449102 2044.985093771786   
603 6030 0.008692228029790559 12583.348552667572 2044.9844062261147 2.0449845343631569e+03 2044.984711814479 2044.9849148049123   
604 6040 0.008167968694396132 12296.490759606773 2044.9844062261147 2.0449844606592924e+03 2044.984821853701 2044.985275182241   
605 6050 0.008683884093262498 12539.17141969472 2044.9842983177257 2.0449842983177257e+03 2044.9847036515243 2044.9849847931903   
606 6060 0.008514450253203847 11890.470477477003 2044.9842983177257 2.0449844219489880e+03 2044.9846713832321 2044.984869576047   
607 6070 0.008403604617788543 11700.981337798366 2044.9842382261102 2.0449842382261102e+03 2044.9845085093461 2044.9848547316417   
608 6080 0.00826468143961221 11348.791004670358 2044.9842382261102 2.0449843282556537e+03 2044.984665144631 2044.98486276043   
609 6090 0.00823177824318539 11201.937721138715 2044.9842382261102 2.0449842606212108e+03 2044.9844832604822 2044.984739416336   
610 6100 0.008144450889993148 11048.450572419059 2044.9842382261102 2.0449843232003748e+03 2044.9844679059709 2044.984795550075   
611 6110 0.008259577592489553 11170.259943811638 2044.9842382261102 2.0449843811843700e+03 2044.984589925005 2044.9847793015904   
612 6120 0.009023177887026416 10599.695531770625 2044.9842382261102 2.0449843760762642e+03 2044.984633934717 2044.9847598518243   
613 6130 0.009565849279226695 9849.73452712944 2044.9842370527747 2.0449842370527747e+03 2044.984402288542 2044.9846824512663   
614 6140 0.009327017709223 9959.1997914832 2044.9842370527747 2.0449843093153800e+03 2044.984605786336 2044.9847649497233   
615 6150 0.00890538839896066 9971.563822438724 2044.9842370527747 2.0449844207884335e+03 2044.984521504273 2044.984721112919   
616 6160 0.009115000448115819 10575.520833925588 2044.9841043115619 2.0449841043115619e+03 2044.984392379971 2044.9847621839674   
617 6170 0.008992845720956487 10480.856674220511 2044.9841043115619 2.0449842723042725e+03 2044.984514148286 2044.984579756975   
618 6180 0.008941524796564548 10499.218595767368 2044.9841043115619 2.0449842557080412e+03 2044.984433007234 2044.9845306681555   
619 6190 0.008449421081772397 11242.954063811709 2044.9840817848005 2.0449840817848005e+03 2044.9844379496474 2044.984723000475   
620 6200 0.007833279390680051 11410.50065904356 2044.9840817848005 2.0449841563504124e+03 2044.9844286446632 2044.9845770638321   
621 6210 0.007327760425987747 11593.26627619145 2044.9840817848005 2.0449842501882836e+03 2044.9844076735437 2044.984574621811   
622 6220 0.007191675445412898 11708.74425579388 2044.9840817848005 2.0449841563462885e+03 2044.9843685454086 2044.9844437603892   
623 6230 0.007280366003253856 11780.751525620346 2044.9840817848005 2.0449841143289648e+03 2044.9842512844766 2044.984445385933   
624 6240 0.007270025886275015 11963.115501930723 2044.9840817848005 2.0449840962260337e+03 2044.9842922555938 2044.9844228450384   
625 6250 0.007816887793836625 11650.191151510915 2044.9840817848005 2.0449841510012932e+03 2044.984366435507 2044.9844342098052   
626 6260 0.008030776797765905 11236.832417202037 2044.9840817848005 2.0449842218722624e+03 2044.9843633359726 2044.984448791023   
627 6270 0.007605100711303591 11174.264788544586 2044.9840817848005 2.0449842311473533e+03 2044.9844844886277 2044.984798195972   
628 6280 0.007052302842839094 11253.814602349847 2044.9840817848005 2.0449841144730674e+03 2044.9843244611952 2044.9844328816168   
629 6290 0.006542864212291378 11277.539331797963 2044.9840074652084 2.0449840074652084e+03 2044.9843061103668 2044.9843573353212   
630 6300 0.0063812187703941115 11750.184029961827 2044.9840074652084 2.0449840929107406e+03 2044.9842207530035 2044.9843064567447   
631 6310 0.006287126850401904 11741.933407257035 2044.9840074652084 2.0449840244347727e+03 2044.984247219638 2044.984417480679   
632 6320 0.006468415468224107 11780.710419653498 2044.9840074652084 2.0449840080991221e+03 2044.9841352978149 2044.9842457437278   
633 6330 0.00661350769398327 11757.541630906462 2044.9840074652084 2.0449841136287623e+03 2044.9842050174907 2044.9843943274293   
634 6340 0.006706255779364009 11575.90814321463 2044.9840074652084 2.0449840751386653e+03 2044.9842251361292 2044.9843351229197   
635 6350 0.006285469523684406 11859.151252335805 2044.9840074652084 2.0449841189944955e+03 2044.9842545971921 2044.9843253131464   
636 6360 0.006070793396259682 11610.329737515143 2044.9840074652084 2.0449840469130243e+03 2044.9841898916316 2044.9843100214616   
637 6370 0.005819727729396242 12146.973939921718 2044.9840074652084 2.0449841382250024e+03 2044.9842215037909 2044.9842935950103   
638 6380 0.005316728597114901 11800.232285782326 2044.9840074652084 2.0449841023092658e+03 2044.9842478891787 2044.9842825171945   
639 6390 0.0049553107034980065 12184.74646819587 2044.9840074652084 2.0449840413279067e+03 2044.9841861235163 2044.9842888573983   
640 6400 0.004370488300810699 12535.7530079565 2044.9840074652084 2.0449840129310805e+03 2044.984155418719 2044.9842356578206   
641 6410 0.004241691867164069 12957.834323912903 2044.9840074652084 2.0449840432645599e+03 2044.9842122157 2044.9842502641668   
642 6420 0.004537426819166934 14297.669892881588 2044.9840074652084 2.0449840131901210e+03 2044.9841627927858 2044.9842766301922   
643 6430 0.004456029297435808 15452.35492115811 2044.9840074652084 2.0449840524251488e+03 2044.9841584608355 2044.9842068382118   
644 6440 0.0041655442208591385 15728.81169752269 2044.9839836954234 2.0449839836954234e+03 2044.9841574614231 2044.9841947983116   
645 6450 0.004024248910162739 16107.547710473222 2044.9839836954234 2.0449840082832454e+03 2044.9840987525492 2044.984214954829   
646 6460 0.004221900377270989 16581.351519858148 2044.9839836954234 2.0449840189904928e+03 2044.9840915359603 2044.984134617349   
647 6470 0.00402276028152123 17003.20086709637 2044.9839836954234 2.0449840240829765e+03 2044.9840795427092 2044.9841420704665   
648 6480 0.003988859186283405 17073.401879287732 2044.9839836954234 2.0449840265100183e+03 2044.9841185137943 2044.984161456048   
649 6490 0.0037241919770576496 17434.44097777262 2044.9839836954234 2.0449839918954794e+03 2044.984124211762 2044.9841804624268   
650 6500 0.00331923965334832 18199.228507961547 2044.9839836954234 2.0449840230912728e+03 2044.9840787620803 2044.9841668072181   
651 6510 0.0032446848146030945 18686.357502981766 2044.9839831438458 2.0449839831438458e+03 2044.9840740615016 2044.9841165568282   
652 6520 0.0032025776201030478 19049.493132831372 2044.9839831438458 2.0449839834738320e+03 2044.9840536688134 2044.9841832839609   
653 6530 0.0033269136576892927 19567.05844976472 2044.9839831438458 2.0449840057759111e+03 2044.9840510701522 2044.9841264411052   
654 6540 0.003411243227942943 20735.29723059754 2044.9839678690862 2.0449839678690862e+03 2044.9840544630072 2044.9841414979164   
655 6550 0.0035273815537905937 21683.78970837919 2044.9839678690862 2.0449839997254603e+03 2044.9840670769918 2044.9841143463682   
656 6560 0.0033999173656069593 23174.88242469968 2044.9839667318959 2.0449839667318959e+03 2044.984043396162 2044.9840938329185   
657 6570 0.003364168037629214 22959.282909492027 2044.9839667318959 2.0449839918751254e+03 2044.9840669012933 2044.9840891643535   
658 6580 0.003188991260609144 23506.65247764392 2044.9839667318959 2.0449839868036624e+03 2044.9840145474996 2044.9840835348275   
659 6590 0.0032301829744203515 23892.902111440362 2044.9839667318959 2.0449839986955888e+03 2044.9840666604114 2044.9841092870665   
660 6600 0.0029582701552576026 24462.88530415343 2044.9839667318959 2.0449839971274630e+03 2044.9840247595673 2044.9840471045284   
661 6610 0.002806137027284971 24431.77905382281 2044.9839667318959 2.0449839706184337e+03 2044.983995556684 2044.9840711492052   
662 6620 0.0027147153005238206 24828.820133603207 2044.9839667318959 2.0449840136945129e+03 2044.9840581185174 2044.9840847549142   
663 6630 0.0026724957171362306 25784.162135262868 2044.9839440090807 2.0449839440090807e+03 2044.9840360612193 2044.9840711122656   
664 6640 0.0027821560436544685 26670.80897485997 2044.9839440090807 2.0449839671238719e+03 2044.9840251200792 2044.984059767039   
665 6650 0.0028649378827663853 27903.707175686206 2044.9839440090807 2.0449839669593296e+03 2044.984011249462 2044.984054986808   
666 6660 0.0030759993594758808 28290.338219683257 2044.9839440090807 2.0449839641283534e+03 2044.9840415465533 2044.9840612611026   
667 6670 0.003331390520168913 30047.742654651483 2044.9839440090807 2.0449839706643470e+03 2044.9840017468323 2044.984089936019   
668 6680 0.0031655513770426475 29950.3978053637 2044.9839415681938 2.0449839415681938e+03 2044.9840283888864 2044.9840893628482   
669 6690 0.0029247955407749886 31270.865612271897 2044.9839415681938 2.0449839839839126e+03 2044.9840454619534 2044.984087482689   
670 6700 0.0028434433876849434 33631.19215555717 2044.9839343666254 2.0449839343666254e+03 2044.9840222990101 2044.9840847396476   
671 6710 0.0027793561565382353 35489.97327666792 2044.9839343666254 2.0449839456296145e+03 2044.983993892031 2044.9840184316909   
672 6720 0.0027165728874114507 35424.73900807511 2044.983922304067 2.0449839223040669e+03 2044.983984429943 2044.9840597941559   
673 6730 0.0027602120068008417 35425.23989215947 2044.983922304067 2.0449839608481825e+03 2044.9840046552995 2044.9840399940824   
674 6740 0.002911642494280139 35627.90216196176 2044.9839187294615 2.0449839187294615e+03 2044.9839830672774 2044.9840132633801   
675 6750 0.003127328581724405 35476.999108781165 2044.9839160659642 2.0449839160659642e+03 2044.983987028096 2044.9840677764785   
676 6760 0.0032569337811310943 36740.767789366226 2044.983913745068 2.0449839137450681e+03 2044.9839849305906 2044.9840466620192   
677 6770 0.0033463411806632323 38691.00250455888 2044.983913745068 2.0449839591552586e+03 2044.9839961171153 2044.9840337154385   
678 6780 0.003304639051263587 39901.65136001141 2044.9839043759341 2.0449839043759341e+03 2044.9839806981402 2044.9840175075487   
679 6790 0.0032788538555079206 39668.49590899713 2044.9839043759341 2.0449839453612985e+03 2044.9839848809784 2044.9840173580296   
680 6800 0.0035510499725255854 40111.5387752323 2044.9839043759341 2.0449839190337450e+03 2044.9839772304063 2044.9840408582818   
681 6810 0.0035564461133149932 43539.04434540819 2044.9839043759341 2.0449839342539999e+03 2044.9839725327138 2044.984010266653   
682 6820 0.003272462579067673 43960.4554332282 2044.9839043759341 2.0449839066526768e+03 2044.983954639128 2044.9840382696816   
683 6830 0.0030734929754268605 44871.880113256375 2044.9839043759341 2.0449839208280871e+03 2044.9839560119092 2044.9840136492421   
684 6840 0.0034435459604150315 47164.751157526116 2044.9839043759341 2.0449839117193098e+03 2044.9839722458657 2044.9840128333885   
685 6850 0.0036239151909442293 50862.82982724632 2044.983870041484 2.0449838700414839e+03 2044.9839561890647 2044.984007927079   
686 6860 0.0038989459627639337 51664.1006382409 2044.983870041484 2.0449839106087747e+03 2044.9839413000577 2044.984002286556   
687 6870 0.0042622661517187155 52923.92345402932 2044.983870041484 2.0449839079279841e+03 2044.9839617398065 2044.983996637903   
688 6880 0.004511743021700426 52565.812386156795 2044.983870041484 2.0449839002176352e+03 2044.9839507980907 2044.9839903534476   
689 6890 0.0048283495197688035 52174.95362230695 2044.983870041484 2.0449838899047438e+03 2044.983978765675 2044.9840502222996   
690 6900 0.004999248320666467 50456.321686392956 2044.983844468905 2.0449838444689051e+03 2044.9839553922375 2044.984047411172   
691 6910 0.004579591384540765 51968.390570004725 2044.983844468905 2.0449838634993564e+03 2044.9839672716494 2044.9840603284777   
692 6920 0.00418585281866678 52350.32322622019 2044.983844468905 2.0449838668034715e+03 2044.9839489273488 2044.9840719578272   
693 6930 0.004000087190012942 53079.95188040022 2044.983844468905 2.0449839071405909e+03 2044.9839700413245 2044.9840134300011   
694 6940 0.004143967938461784 54085.78813852796 2044.983844468905 2.0449838499889649e+03 2044.98392457983 2044.9839597425953   
695 6950 0.004137425215286063 54511.74660356876 2044.983844468905 2.0449838854517509e+03 2044.983937888393 2044.9839882298215   
696 6960 0.00402081725052455 55372.610571509955 2044.9838387923498 2.0449838387923498e+03 2044.9839452473987 2044.9840228580615   
697 6970 0.004086716972753697 57837.30419444928 2044.9838387923498 2.0449838631963594e+03 2044.9839162758822 2044.9839916296246   
698 6980 0.003846626531595621 59225.71242796272 2044.9838387923498 2.0449838531045011e+03 2044.9839222536439 2044.9839588747016   
699 6990 0.003675111103174802 58998.22463789254 2044.9838387923498 2.0449838816324418e+03 2044.9839237908598 2044.983986737746   
700 7000 0.0037929642586808586 59444.71564656857 2044.9838387923498 2.0449838644359884e+03 2044.9839133901348 2044.9839438617146   
701 7010 0.003702555864931415 62621.364802815595 2044.9838387923498 2.0449838817301625e+03 2044.9839321043582 2044.983968889492   
702 7020 0.003766517289443342 64713.920631626774 2044.9838265952496 2.0449838265952496e+03 2044.9838827678348 2044.983939221282   
703 7030 0.0038352244820615273 64335.07556303821 2044.983810201592 2.0449838102015920e+03 2044.9839002225265 2044.983923711628   
704 7040 0.003974858095287025 63537.604560513806 2044.983810201592 2.0449838313035154e+03 2044.9839079788735 2044.9839307043742   
705 7050 0.004116201569938354 66659.04810018964 2044.983810201592 2.0449838757052353e+03 2044.983909937013 2044.9839545298596   
706 7060 0.0042998417471858405 70137.81888070046 2044.9838046678663 2.0449838046678663e+03 2044.9838793032131 2044.9839808006934   
707 7070 0.004261380356210873 70663.78748443113 2044.9838046678663 2.0449838219884118e+03 2044.9838615957558 2044.9839392368033   
708 7080 0.004498176381883271 70536.95797476156 2044.9838046678663 2.0449838086563184e+03 2044.9838482352798 2044.9839658561318   
709 7090 0.004368031284496151 71706.66491956734 2044.9837807141596 2.0449837807141596e+03 2044.9838678883823 2044.9839229190065   
710 7100 0.004355859596057392 68969.2645887109 2044.9837807141596 2.0449837839752352e+03 2044.9838406945375 2044.983915602182   
711 7110 0.004873417672939296 70880.68237371102 2044.983768240912 2.0449837682409120e+03 2044.9838518146541 2044.9839177558893   
712 7120 0.005356044039341711 70873.36091436508 2044.983751285509 2.0449837512855090e+03 2044.9838382301025 2044.9838942031988   
713 7130 0.005557906730910127 70843.5534692116 2044.983751285509 2.0449837996005085e+03 2044.9838766336097 2044.9839208142064   
714 7140 0.005426744488074814 70520.41861972513 2044.9837345942587 2.0449837345942587e+03 2044.9838463545777 2044.9838871962268   
715 7150 0.0054077821423962145 71465.07652030858 2044.9837345942587 2.0449837872368785e+03 2044.9838619410364 2044.9839307820037   
716 7160 0.0053862860935829735 73597.56200342704 2044.9837345942587 2.0449837701878430e+03 2044.9838056549954 2044.9838398461368   
717 7170 0.0054638505292054764 72507.00683966855 2044.9837345942587 2.0449837683744099e+03 2044.9838523844858 2044.9838698821845   
718 7180 0.005641347509665993 74388.55620788198 2044.9837345942587 2.0449837638507627e+03 2044.9838287669252 2044.9838735518872   
719 7190 0.006039470642309412 73758.5281342077 2044.983730181807 2.0449837301818070e+03 2044.983825973374 2044.9838791901718   
720 7200 0.006277209026964065 77451.6343660049 2044.983730181807 2.0449837444184595e+03 2044.9838098805708 2044.9839024116457   
721 7210 0.007085835305521167 80150.12760156026 2044.9836791196544 2.0449836791196544e+03 2044.9837597881915 2044.9838788413058   
722 7220 0.00763137527341403 91516.46676887707 2044.9836791196544 2.0449837192568916e+03 2044.9837894443137 2044.9838984580845   
723 7230 0.008929223309618118 101818.37843728677 2044.9836730610145 2.0449836730610145e+03 2044.9837611576336 2044.983910245412   
724 7240 0.009721982538257415 106855.97330849535 2044.9836730610145 2.0449836885579198e+03 2044.9837402182218 2044.983867062368   
725 7250 0.01024873061751743 111068.37611730982 2044.9836368910944 2.0449836368910944e+03 2044.9837470506634 2044.9838330937753   
726 7260 0.01134226941086494 114057.52113614851 2044.9836368910944 2.0449836754762025e+03 2044.9837683625356 2044.9838638800961   
727 7270 0.012284179854765166 119432.30477386744 2044.9836368910944 2.0449836466383877e+03 2044.9838075772932 2044.9838758236751   
728 7280 0.01397428621627219 120868.77330189125 2044.9836368910944 2.0449836540215210e+03 2044.9837606148337 2044.9839686502805   
729 7290 0.015422972256225794 128259.10297636807 2044.9835780062112 2.0449835780062112e+03 2044.9836878089484 2044.9838393542843   
730 7300 0.017133438150910556 135130.9121473406 2044.983539212231 2.0449835392122311e+03 2044.983719251554 2044.983886189071   
731 7310 0.018553295012801358 134372.47811903176 2044.9834788465414 2.0449834788465414e+03 2044.9836835263573 2044.9839117578406   
732 7320 0.020389578943490774 136343.54858819282 2044.9834532069951 2.0449834532069951e+03 2044.983605551191 2044.9838661103001   
733 7330 0.01963679762627326 136089.65085503698 2044.9834532069951 2.0449835324190424e+03 2044.9836304862683 2044.983888030625   
734 7340 0.019919495704596574 136364.82488197554 2044.9834532069951 2.0449835050487848e+03 2044.983700792798 2044.9839793568933   
735 7350 0.021529589583751774 134453.17400393184 2044.9834532069951 2.0449835085271891e+03 2044.9836060124196 2044.9837869314827   
736 7360 0.022264315034005246 134503.53789324977 2044.9834098720755 2.0449834098720755e+03 2044.9836742319608 2044.983849980449   
737 7370 0.020689954848464972 134536.54413855018 2044.9834098720755 2.0449835241396854e+03 2044.9836943404468 2044.9839136995902   
738 7380 0.019000635963847386 133125.75643950028 2044.9834098720755 2.0449835296855235e+03 2044.9837111446682 2044.9838342253713   
739 7390 0.01887488521700896 132470.64002483306 2044.9834098720755 2.0449834387607389e+03 2044.9836006089918 2044.9836783401902   
740 7400 0.020402434161444043 136524.05505359397 2044.9834098720755 2.0449834416119172e+03 2044.9835666168367 2044.9836525643034   
741 7410 0.02246865583900946 146442.62708622866 2044.9834098720755 2.0449834554996157e+03 2044.983705118179 2044.9837987020956   
742 7420 0.024725491982055776 151683.64745577294 2044.9834098720755 2.0449834654919141e+03 2044.9836240987943 2044.9837840626956   
743 7430 0.026324331066991058 159516.45822264833 2044.9834098720755 2.0449835182220045e+03 2044.9836781812128 2044.9838473513596   
744 7440 0.025334534166255963 164299.9597816551 2044.9834098720755 2.0449835378437533e+03 2044.9837585624175 2044.9840387352813   
745 7450 0.022162372394399162 162557.16572359373 2044.9834098720755 2.0449834802545001e+03 2044.983670080964 2044.983876478092   
746 7460 0.021146743342219804 161682.7709252626 2044.9834098720755 2.0449834532046987e+03 2044.983654795761 2044.983793806071   
747 7470 0.020032817600484355 170569.6220977797 2044.9833804018722 2.0449833804018722e+03 2044.9836114505042 2044.9839725616712   
748 7480 0.01960921193673266 167959.4519700601 2044.9833712523157 2.0449833712523157e+03 2044.9834953014406 2044.9837320630104   
749 7490 0.019032103318023172 171838.2109975896 2044.9833712523157 2.0449833765763735e+03 2044.98347069545 2044.983591499317   
750 7500 0.018848358614164527 171636.84847946884 2044.9833712523157 2.0449834070656304e+03 2044.9835186791654 2044.9837214564561   
751 7510 0.018535893968746418 172407.593967732 2044.9833712523157 2.0449833790894820e+03 2044.9835824127915 2044.9838268726608   
752 7520 0.017690107338172098 166233.820689493 2044.9833712523157 2.0449834180764794e+03 2044.9835693142206 2044.9837503079216   
753 7530 0.01657117507576249 164171.19327392185 2044.9832857789222 2.0449832857789222e+03 2044.9834294980947 2044.9835731217681   
754 7540 0.016552204707782486 162811.57995379769 2044.9832857789222 2.0449833461099915e+03 2044.9834189749747 2044.9834961114398   
