% # columns="iteration, evaluation, min max(neg(.)) min(pos(.)) max correlation, correlation matrix principle axes lengths  (sorted square roots of eigenvalues of correlation matrix)", seed=123456789, Wed Jun 13 10:24:15 2018
1 10 -0.048782943626854036 -0.0013038976633957886 0.00042086337383879054 0.03366077185823123 1 1 1 1 1 1 1 1 1 1
2 20 -0.11158235741552112 -0.0041192314767835095 0.0017261656393488763 0.05714588552827359 1 1 1 1 1 1 1 1 1 1
3 30 -0.13923232124583051 -0.0021821235665388673 0.0059631388764323084 0.1386785144021063 1 1 1 1 1 1 1 1 1 1
4 40 -0.14502415978933503 -0.001242056165063247 0.0006904343942161736 0.18896768257286392 1 1 1 1 1 1 1 1 1 1
5 50 -0.17085643840865758 -0.007279188275710209 0.004016613192327406 0.21235698360001995 1 1 1 1 1 1 1 1 1 1
6 60 -0.20612658487025334 -0.00012192408472419944 0.007412793564790248 0.2160297008640103 1 1 1 1 1 1 1 1 1 1
7 70 -0.2027079567048416 -0.00844223818975898 0.0001671258033287017 0.254105783626299 1 1 1 1 1 1 1 1 1 1
8 80 -0.18114599349860183 -0.001083762653664041 0.0049962086021006855 0.3138966366350841 1 1 1 1 1 1 1 1 1 1
9 90 -0.1848790383835202 -0.002889544685715468 0.006658691324891474 0.33316515816397224 1 1 1 1 1 1 1 1 1 1
10 100 -0.13197525643507696 -0.002116307436714795 0.0016090566560612789 0.35050476177806494 1 1 1 1 1 1 1 1 1 1
11 110 -0.16601177708769482 -0.00921381114087388 0.0021441977870379813 0.4039967110468787 1 1 1 1 1 1 1 1 1 1
12 120 -0.20451928834765662 -0.002120626251132437 0.007055854039107317 0.45358545316613624 1 1 1 1 1 1 1 1 1 1
13 130 -0.215772045319326 -0.004033867839580625 0.0016391072317151272 0.4789988030773723 1 1 1 1 1 1 1 1 1 1
14 140 -0.23183220885335803 -0.010279703109818274 0.005243643686311295 0.5051427479430176 1 1 1 1 1 1 1 1 1 1
15 150 -0.2637855232642184 -0.006639768691820466 0.018905097116658283 0.5191982857121545 1 1 1 1 1 1 1 1 1 1
16 160 -0.27077014677170164 -0.01064070035189386 0.002918376827667984 0.569981999422455 1 1 1 1 1 1 1 1 1 1
17 170 -0.3014722655250802 -0.0006642999761695646 0.008490240764618007 0.600331364907655 1 1 1 1 1 1 1 1 1 1
18 180 -0.30494705355768326 -0.0005900552483971003 0.006823476101063352 0.6410965668153035 1 1 1 1 1 1 1 1 1 1
19 190 -0.2998385523140586 -0.012518151576752826 0.011930442411607185 0.661998011139522 1 1 1 1 1 1 1 1 1 1
20 200 -0.31805598477725616 -0.014249146253899603 0.0090343559092774 0.7084169947031582 1 1 1 1 1 1 1 1 1 1
21 210 -0.3412081491803523 -0.0010761974268831893 0.0007653996753002076 0.7482159174150548 1 1 1 1 1 1 1 1 1 1
22 220 -0.35071435550859104 -0.0015661725891829468 0.027934319098814636 0.759052243018404 1 1 1 1 1 1 1 1 1 1
23 230 -0.34679860818130415 -0.00031932490750640787 0.03615405395224354 0.7772896040683354 1 1 1 1 1 1 1 1 1 1
24 240 -0.32169170433380734 -0.0033762575519172815 0.005414219836632021 0.7649141556909276 1 1 1 1 1 1 1 1 1 1
25 250 -0.36264094063739705 -0.002612149151512235 0.007221008904754019 0.7801216831306748 1 1 1 1 1 1 1 1 1 1
26 260 -0.3761169375070328 -0.007516167486177432 0.01029264672954761 0.7890622504338772 1 1 1 1 1 1 1 1 1 1
27 270 -0.3838957249503476 -0.008214176283370248 0.020830769396477232 0.7995832989473892 1 1 1 1 1 1 1 1 1 1
28 280 -0.40753847720117803 -0.011071931862578916 0.009182709156797378 0.8192431650004585 1 1 1 1 1 1 1 1 1 1
29 290 -0.40346790094128815 -0.003451986961958205 0.025325450848882495 0.8476131785903057 1 1 1 1 1 1 1 1 1 1
30 300 -0.370589573485405 -0.00380419063037909 0.013210745233636849 0.8612527025861839 1 1 1 1 1 1 1 1 1 1
31 310 -0.38685590068361575 -0.004998150840412325 0.0036393734627056928 0.860421806737363 1 1 1 1 1 1 1 1 1 1
32 320 -0.40704107342306145 -0.0044652683070374455 0.0005835214905782673 0.8673479685511437 1 1 1 1 1 1 1 1 1 1
33 330 -0.3904536011674228 -0.0021035988826207538 0.0020300919863740306 0.881473975637455 1 1 1 1 1 1 1 1 1 1
34 340 -0.3765869528649028 -0.002836527246564139 0.0021895732321816027 0.896287127381975 1 1 1 1 1 1 1 1 1 1
35 350 -0.3736678339800444 -0.003814703021450277 0.0051136576185940325 0.9046384981635589 1 1 1 1 1 1 1 1 1 1
36 360 -0.3307059496569962 -0.01109060591056689 0.008941614725985631 0.9120636278307215 1 1 1 1 1 1 1 1 1 1
37 370 -0.34663075125143994 -0.004974355318793694 0.00724420627801107 0.9225251078848599 1 1 1 1 1 1 1 1 1 1
38 380 -0.3940855303814045 -0.005160833921873492 0.015408782369370677 0.92583805222111 1 1 1 1 1 1 1 1 1 1
39 390 -0.3576631883068455 -0.0008810024328551535 0.00051109396407257 0.9327866312850398 1 1 1 1 1 1 1 1 1 1
40 400 -0.35750412503557194 -0.003745855430603775 9.902605101298875e-05 0.934992002610893 1 1 1 1 1 1 1 1 1 1
41 410 -0.3322994781934836 -0.010520157040453051 0.009648908178501031 0.9390392519579648 1 1 1 1 1 1 1 1 1 1
42 420 -0.33903858405297643 -0.006521754612018798 0.019639680873124673 0.9442215846405846 1 1 1 1 1 1 1 1 1 1
43 430 -0.3451759352196734 -0.008392168956676067 0.005443608105103083 0.9485248989876134 1 1 1 1 1 1 1 1 1 1
44 440 -0.3604666662995317 -0.001322627326185448 0.028331656498512426 0.9520596456752958 1 1 1 1 1 1 1 1 1 1
45 450 -0.38003837889407016 -0.011621064064694736 0.029205159032684513 0.9603267646023504 1 1 1 1 1 1 1 1 1 1
46 460 -0.4000915356101483 -0.013377200906379358 0.011853013442621857 0.963629715933764 1 1 1 1 1 1 1 1 1 1
47 470 -0.43990603795663935 -0.007756418208028099 0.029352441623921127 0.9664558663443633 1 1 1 1 1 1 1 1 1 1
48 480 -0.431295737795418 -0.020205803761587576 0.05243493187535883 0.9709806613830315 1 1 1 1 1 1 1 1 1 1
49 490 -0.4265752021612066 -0.013947228835582873 0.03645349890055733 0.9731565301746048 1 1 1 1 1 1 1 1 1 1
50 500 -0.452872039439133 -0.0032134359775654324 0.0431363975857304 0.9766031718468227 1 1 1 1 1 1 1 1 1 1
51 510 -0.4694540752972236 -0.01032448363794649 0.031858499213398866 0.9780522840056094 1 1 1 1 1 1 1 1 1 1
52 520 -0.45189858334844585 -0.01606092322424894 0.027956087346705655 0.9804738309921918 1 1 1 1 1 1 1 1 1 1
53 530 -0.42848369655584595 -0.02675542789566918 0.01570865982736439 0.9829867790791138 1 1 1 1 1 1 1 1 1 1
54 540 -0.4670038052058419 -0.012734034680577818 0.05233600739613465 0.9851657872709849 1 1 1 1 1 1 1 1 1 1
55 550 -0.46721821146856174 -0.03778952226068961 0.0026656631697125205 0.9868881176156761 1 1 1 1 1 1 1 1 1 1
56 560 -0.4911949002528016 -0.04154374711064202 0.02231635601862199 0.9880762888564283 1 1 1 1 1 1 1 1 1 1
57 570 -0.5038716734883711 -0.013268142371320336 0.005284198628412267 0.9899243137871356 1 1 1 1 1 1 1 1 1 1
58 580 -0.5104532055869896 -0.027027731477891247 0.010126288772380101 0.9905272394682606 1 1 1 1 1 1 1 1 1 1
59 590 -0.5269361293319844 -0.006672059388512524 0.018393469477519145 0.9915678808196735 1 1 1 1 1 1 1 1 1 1
60 600 -0.5411269049951107 -0.00754746246348127 0.0012597031828739656 0.9923144767133183 1 1 1 1 1 1 1 1 1 1
61 610 -0.5313180397675897 -0.012882705979348048 0.014742251135461704 0.9930453022770618 1 1 1 1 1 1 1 1 1 1
62 620 -0.52646712148409 -0.0009061636131894493 0.07204220921098906 0.9936242072483885 1 1 1 1 1 1 1 1 1 1
63 630 -0.5294795575450267 -0.008023917274742776 0.007229844240712479 0.9938607690516912 1 1 1 1 1 1 1 1 1 1
64 640 -0.5292531176948724 -0.0010019477806532504 0.0048948610248188956 0.9945575120505953 1 1 1 1 1 1 1 1 1 1
65 650 -0.5217357678581042 -0.000889956353933412 0.0006471762298859893 0.9944519463046589 1 1 1 1 1 1 1 1 1 1
66 660 -0.5339044871034245 -0.003931112261574251 0.003441401889192135 0.9946579598669167 1 1 1 1 1 1 1 1 1 1
67 670 -0.520044535849359 -0.001958579926646317 0.01870133177751952 0.9947922206678659 1 1 1 1 1 1 1 1 1 1
68 680 -0.5249362917085039 -0.011859406993183861 0.016241512712861544 0.9950247865600063 1 1 1 1 1 1 1 1 1 1
69 690 -0.5059793213569542 -0.0032780303502308707 0.0007749592304789375 0.9951573878931709 1 1 1 1 1 1 1 1 1 1
70 700 -0.49537233774699396 -0.014578691555850483 0.004652156336302508 0.9953145637830829 1 1 1 1 1 1 1 1 1 1
71 710 -0.4850645541861029 -0.0037368362425391965 0.008794238265329747 0.9956656169546503 1 1 1 1 1 1 1 1 1 1
72 720 -0.4753894169025609 -0.0035553242645274346 0.007937693838950021 0.9958752740373354 1 1 1 1 1 1 1 1 1 1
73 730 -0.46417150128361473 -0.0010343442933626133 0.004963048918144371 0.9960239934874628 1 1 1 1 1 1 1 1 1 1
74 740 -0.4495839896304791 -0.004124393606421699 0.005725826181678613 0.9961726459964162 1 1 1 1 1 1 1 1 1 1
75 750 -0.49463147506826954 -0.0042435625442223115 0.004550165877312413 0.9968510566612463 1 1 1 1 1 1 1 1 1 1
76 760 -0.5586310094204237 -0.025631797815114807 0.032162120706582996 0.9972402413814482 1 1 1 1 1 1 1 1 1 1
77 770 -0.6082592050634429 -0.04451678012514622 0.03419432064206491 0.9975455333398414 1 1 1 1 1 1 1 1 1 1
78 780 -0.6354190309947731 -0.02308780329740377 0.017611788108921562 0.9979640841509841 1 1 1 1 1 1 1 1 1 1
79 790 -0.650677794536986 -0.038023335056676856 0.01029422374361789 0.9983495410497889 1 1 1 1 1 1 1 1 1 1
80 800 -0.6513361768947579 -0.02283288630446989 0.04163996944330888 0.998520521768536 1 1 1 1 1 1 1 1 1 1
81 810 -0.6444675863196433 -0.0626185207977348 0.013959442160927945 0.9985591005249069 1 1 1 1 1 1 1 1 1 1
82 820 -0.6655407155762093 -0.04000824648060744 0.013585739824733297 0.9986535071766889 1 1 1 1 1 1 1 1 1 1
83 830 -0.6610309525600133 -0.02206826252294568 0.01973938351418512 0.9986888602693754 1 1 1 1 1 1 1 1 1 1
84 840 -0.6720697462776699 -0.03927030751883878 0.0009214301842611729 0.9988218056728603 1 1 1 1 1 1 1 1 1 1
85 850 -0.6716942429726959 -0.002181092441725595 0.02132112224807795 0.9990195560664263 1 1 1 1 1 1 1 1 1 1
86 860 -0.6630482029876776 -0.00882978315695425 0.019435718477937996 0.999052648667107 1 1 1 1 1 1 1 1 1 1
87 870 -0.6639836270182712 -0.010501611709251967 0.009655475849471974 0.999143754082189 1 1 1 1 1 1 1 1 1 1
88 880 -0.6608620448315842 -0.027364089845033406 0.0165726511106632 0.9993050566956169 1 1 1 1 1 1 1 1 1 1
89 890 -0.6450899654136315 -0.04029082106768541 0.01677090260710487 0.9994526562999833 1 1 1 1 1 1 1 1 1 1
90 900 -0.6171047963235173 -0.015017028552321668 0.024036434550786946 0.9995202705506412 1 1 1 1 1 1 1 1 1 1
91 910 -0.5893625068470792 -0.002373801226142188 0.009309393653017481 0.9995663212137218 1 1 1 1 1 1 1 1 1 1
92 920 -0.6291000273854215 -0.01443775345877979 0.03715137313118051 0.9996801402872416 1 1 1 1 1 1 1 1 1 1
93 930 -0.6482006259861925 -0.02599864732248868 0.010162733842313663 0.9997134929673959 1 1 1 1 1 1 1 1 1 1
94 940 -0.6438153464456547 -0.005239643681401152 0.08059112696114512 0.9997408548071077 1 1 1 1 1 1 1 1 1 1
95 950 -0.6251402143688887 -0.025643579781642133 0.039037828992723164 0.9997367045395774 1 1 1 1 1 1 1 1 1 1
96 960 -0.6318092113201123 -0.025933230421884796 0.031795400135803835 0.9997815793838208 1 1 1 1 1 1 1 1 1 1
97 970 -0.6292877587959533 -0.01620808205112076 0.007141243071771895 0.9997978807248442 1 1 1 1 1 1 1 1 1 1
98 980 -0.6293021884675482 -0.017189868078152204 0.016399660732498874 0.9998173072606138 1 1 1 1 1 1 1 1 1 1
99 990 -0.6193977846953514 -0.01417260963094452 0.02640975313797016 0.9998164667820794 1 1 1 1 1 1 1 1 1 1
100 1000 -0.6210817089302942 -0.00018051088694512947 0.02013750965014681 0.9998381965545016 1 1 1 1 1 1 1 1 1 1
101 1010 -0.63674750753136 -0.002825557159148618 0.09044317935925578 0.9998529053908801 1 1 1 1 1 1 1 1 1 1
102 1020 -0.6347243058023009 -0.012824566531889604 0.010586751305825473 0.9998757331486802 1 1 1 1 1 1 1 1 1 1
103 1030 -0.6625550469411405 -0.019331648145933526 0.015619797279193725 0.9999012864735882 1 1 1 1 1 1 1 1 1 1
104 1040 -0.6883559579967967 -0.039271085988049514 0.02676777311402385 0.9999137315193753 1 1 1 1 1 1 1 1 1 1
105 1050 -0.694027830267144 -0.04117858295103598 0.015581228826541425 0.9999205346480411 1 1 1 1 1 1 1 1 1 1
106 1060 -0.6876525977896595 -0.05782928320757363 0.0009731334180373564 0.999920675487786 1 1 1 1 1 1 1 1 1 1
107 1070 -0.6974390773389418 -0.0008436167970445149 0.0227018081691423 0.9999297234886881 1 1 1 1 1 1 1 1 1 1
108 1080 -0.6638638086640806 -0.005612307028577464 0.02570300156157701 0.999927012506526 1 1 1 1 1 1 1 1 1 1
109 1090 -0.6912977411054707 -0.012056717574906934 0.004955175982039524 0.9999363472059385 1 1 1 1 1 1 1 1 1 1
110 1100 -0.654972652761112 -0.015088541961511336 0.002012501580501686 0.9999352193511603 1 1 1 1 1 1 1 1 1 1
111 1110 -0.6571947227882013 -0.06714661934951784 0.011575248700729734 0.9999417258298678 1 1 1 1 1 1 1 1 1 1
112 1120 -0.6637357524492266 -0.038685297726273875 0.0011886186877679895 0.9999458571576773 1 1 1 1 1 1 1 1 1 1
113 1130 -0.6693541978767962 -0.004846098109713888 0.008567107431060634 0.9999464917199784 1 1 1 1 1 1 1 1 1 1
114 1140 -0.6704551408517926 -0.00882778866910985 0.0024670189387831064 0.9999523699528579 1 1 1 1 1 1 1 1 1 1
115 1150 -0.6728013239753691 -0.0032981270669646236 0.006348147430086434 0.9999550253639633 1 1 1 1 1 1 1 1 1 1
116 1160 -0.6968800210308257 -0.02470847808082125 0.004319330715654735 0.999958022497418 1 1 1 1 1 1 1 1 1 1
117 1170 -0.690028777164681 -0.023096374060335097 0.010661045631862754 0.9999620547055912 1 1 1 1 1 1 1 1 1 1
118 1180 -0.6769790158062957 -0.007492386890251837 0.01036322267057466 0.9999644834595361 1 1 1 1 1 1 1 1 1 1
119 1190 -0.6919063655306456 -0.01935337968445764 0.0025164546949534745 0.9999649229048034 1 1 1 1 1 1 1 1 1 1
120 1200 -0.6957491787237221 -0.014388953504393233 0.004684075339313256 0.9999683118830397 1 1 1 1 1 1 1 1 1 1
121 1210 -0.6929531054800255 -0.01255571014468455 0.004727932573026868 0.9999710009963393 1 1 1 1 1 1 1 1 1 1
122 1220 -0.6786588316736049 -0.004995721167313908 0.0022377451837548774 0.999973261860295 1 1 1 1 1 1 1 1 1 1
123 1230 -0.6676142255043009 -0.003526269823258674 0.010188148236386108 0.9999757741320822 1 1 1 1 1 1 1 1 1 1
124 1240 -0.6561828717064568 -0.013926543385007855 0.02599551374859924 0.9999783526265773 1 1 1 1 1 1 1 1 1 1
125 1250 -0.679578008075138 -0.055756990625840164 0.0031335939230529974 0.9999803722137016 1 1 1 1 1 1 1 1 1 1
126 1260 -0.6713574594547072 -0.06126974805228624 0.00825914537435666 0.9999816670590691 1 1 1 1 1 1 1 1 1 1
127 1270 -0.6861993990279179 -0.0046317801223465255 0.004187538905818523 0.9999832463194988 1 1 1 1 1 1 1 1 1 1
128 1280 -0.6980310560488191 -0.026803653811902875 0.028066675475502182 0.9999847578501576 1 1 1 1 1 1 1 1 1 1
129 1290 -0.689772846164833 -0.02425955895025453 0.009503901641894642 0.9999852981909702 1 1 1 1 1 1 1 1 1 1
130 1300 -0.6980464173179666 -0.030054466180037136 0.019205347025928104 0.9999866270967079 1 1 1 1 1 1 1 1 1 1
131 1310 -0.7068261148044591 -0.030119767271996847 0.015204603941913863 0.9999875319349053 1 1 1 1 1 1 1 1 1 1
132 1320 -0.7060306821426628 -0.008332710969250812 0.022212087229967075 0.9999877525341526 1 1 1 1 1 1 1 1 1 1
133 1330 -0.7042569979568707 -0.010253777225950786 0.02385993624558732 0.9999888982414246 1 1 1 1 1 1 1 1 1 1
134 1340 -0.6995597590206237 -0.049087159215060405 0.010084907612547735 0.9999896899877887 1 1 1 1 1 1 1 1 1 1
135 1350 -0.6919341390666287 -0.043332957105920264 0.0034272879421859623 0.999989954866686 1 1 1 1 1 1 1 1 1 1
136 1360 -0.7217830772252591 -0.00044095234223577936 0.057949503915164555 0.9999919979112415 1 1 1 1 1 1 1 1 1 1
137 1370 -0.715217006586681 -0.015015909940323839 0.057590602231252085 0.9999920770134157 1 1 1 1 1 1 1 1 1 1
138 1380 -0.7031252838292636 -0.006472940550752498 0.000928762768125019 0.9999919445437254 1 1 1 1 1 1 1 1 1 1
139 1390 -0.6956359992585224 -0.007984748267743005 0.006266249263875636 0.9999923549220877 1 1 1 1 1 1 1 1 1 1
140 1400 -0.6673901407609096 -0.0020857978237939054 0.044364715050117215 0.9999930380790932 1 1 1 1 1 1 1 1 1 1
141 1410 -0.6707427091987046 -0.04797564295735718 0.03525157105158277 0.99999365085604 1 1 1 1 1 1 1 1 1 1
142 1420 -0.7024426662598725 -0.04069588302562251 0.011346270822221812 0.9999948358328145 1 1 1 1 1 1 1 1 1 1
143 1430 -0.6934926128017227 -0.00849137363533245 0.00048547561103940367 0.9999948649258835 1 1 1 1 1 1 1 1 1 1
144 1440 -0.693550579879194 -0.00335589083919682 0.05461172051254176 0.9999951278118006 1 1 1 1 1 1 1 1 1 1
145 1450 -0.6866472512270109 -0.038712478432276605 0.03474090536287054 0.9999950304004629 1 1 1 1 1 1 1 1 1 1
146 1460 -0.6892712885608064 -0.03364544621812801 0.02383389490102063 0.9999950475985163 1 1 1 1 1 1 1 1 1 1
147 1470 -0.6859858893558576 -0.061941767837864 0.028174795963831923 0.9999952833066582 1 1 1 1 1 1 1 1 1 1
148 1480 -0.6919393178337796 -0.05224997227267716 0.004855051451104075 0.9999950495398291 1 1 1 1 1 1 1 1 1 1
149 1490 -0.6859690333835528 -0.04090664540589324 0.00605602315708949 0.9999954487388873 1 1 1 1 1 1 1 1 1 1
150 1500 -0.6908353265391924 -0.01179822427827748 0.010743341923275779 0.9999959187382791 1 1 1 1 1 1 1 1 1 1
151 1510 -0.6874524297764236 -0.0068264849915171365 0.023461640764503997 0.999996115656238 1 1 1 1 1 1 1 1 1 1
152 1520 -0.6933874785554377 -0.01289782694934016 0.01920246990142717 0.9999964922552 1 1 1 1 1 1 1 1 1 1
153 1530 -0.6983991107685008 -0.001490070606979422 0.02305628750296899 0.9999966034683047 1 1 1 1 1 1 1 1 1 1
154 1540 -0.6912821180914261 -0.04139126320272778 0.001979275141820353 0.9999966132875707 1 1 1 1 1 1 1 1 1 1
155 1550 -0.6786788966702604 -0.014394996872418419 0.04620461706497205 0.9999969204277159 1 1 1 1 1 1 1 1 1 1
156 1560 -0.6754803385750799 -0.040064904998402824 0.04088931625508213 0.9999970963037161 1 1 1 1 1 1 1 1 1 1
157 1570 -0.6692203013770827 -0.04117087309176697 0.03964501463797089 0.9999971797671943 1 1 1 1 1 1 1 1 1 1
158 1580 -0.6628194208739825 -0.018957466782768145 0.02861235052931728 0.9999972765913901 1 1 1 1 1 1 1 1 1 1
159 1590 -0.655407065260225 -0.0032299677237800327 0.033704360021479876 0.9999973337614566 1 1 1 1 1 1 1 1 1 1
160 1600 -0.6383762355238551 -0.02509915874271976 0.02510467318509889 0.9999973112951214 1 1 1 1 1 1 1 1 1 1
161 1610 -0.6365081365106819 -0.03154601142585331 0.03754320722347898 0.999997566866518 1 1 1 1 1 1 1 1 1 1
162 1620 -0.5834229913066324 -0.04927053151360347 0.005584283318800288 0.9999976228094136 1 1 1 1 1 1 1 1 1 1
163 1630 -0.5765297486689392 -0.040970452378844294 5.3640699035180125e-05 0.9999978979940628 1 1 1 1 1 1 1 1 1 1
164 1640 -0.5850378448864751 -0.05715153035742128 0.005381989947208096 0.999997978396375 1 1 1 1 1 1 1 1 1 1
165 1650 -0.5869230105305433 -0.01702705681995471 0.015731025708317532 0.9999981185105503 1 1 1 1 1 1 1 1 1 1
166 1660 -0.5772181651200867 -0.04812397174721865 0.006038029883416737 0.9999980877376872 1 1 1 1 1 1 1 1 1 1
167 1670 -0.5941184601118498 -0.055491766114206316 0.004685849852770734 0.9999982060273823 1 1 1 1 1 1 1 1 1 1
168 1680 -0.583513731619723 -0.03118842343641529 0.03823033051220331 0.9999982246313873 1 1 1 1 1 1 1 1 1 1
169 1690 -0.5752383174983171 -0.021973728860434992 0.03287890337719898 0.9999981475755669 1 1 1 1 1 1 1 1 1 1
170 1700 -0.5628210606011134 -0.03438855704572501 0.0331088433517331 0.9999984091324585 1 1 1 1 1 1 1 1 1 1
171 1710 -0.5688474894550096 -0.03820634800611157 0.009292747807903578 0.999998467952718 1 1 1 1 1 1 1 1 1 1
172 1720 -0.5694115952793495 -0.0107604780066567 0.00928385451775145 0.9999985087453286 1 1 1 1 1 1 1 1 1 1
173 1730 -0.5539014892034501 -0.012752047757684213 0.020467516712087595 0.9999985899040563 1 1 1 1 1 1 1 1 1 1
174 1740 -0.5533041721816965 -0.10291106372889933 0.027636321188605446 0.9999986087208577 1 1 1 1 1 1 1 1 1 1
175 1750 -0.5615507898420419 -0.006968644036471488 0.02662423068243331 0.9999986578087503 1 1 1 1 1 1 1 1 1 1
176 1760 -0.5549063530882864 -0.02460294782796475 0.016934927159605387 0.9999986741427351 1 1 1 1 1 1 1 1 1 1
177 1770 -0.5576607370131407 -0.029291234665919062 0.008918425581929894 0.9999986184119687 1 1 1 1 1 1 1 1 1 1
178 1780 -0.56091074356525 -0.0016827287673961805 0.08496564622648992 0.9999986097192353 1 1 1 1 1 1 1 1 1 1
179 1790 -0.5523220171421587 -0.016149607726759115 0.07151459449357815 0.9999986434525265 1 1 1 1 1 1 1 1 1 1
180 1800 -0.522164024610951 -0.013411596384702157 0.0965899677714831 0.9999987317523324 1 1 1 1 1 1 1 1 1 1
181 1810 -0.5551232720458946 -0.030760751784016938 0.017796095636676758 0.9999987730430268 1 1 1 1 1 1 1 1 1 1
182 1820 -0.5480204350375795 -0.01427055854443291 0.06396609318965994 0.9999988775424915 1 1 1 1 1 1 1 1 1 1
183 1830 -0.5359522123785312 -0.016218768740697356 0.005213256393699509 0.9999989254364584 1 1 1 1 1 1 1 1 1 1
184 1840 -0.5386546315877205 -0.012404038805568025 0.003667413877891973 0.9999989900300169 1 1 1 1 1 1 1 1 1 1
185 1850 -0.5541534028113692 -0.04131931566366188 0.0012831172292876185 0.9999989067830484 1 1 1 1 1 1 1 1 1 1
186 1860 -0.5458621842301148 -0.024555297778400213 0.029156733815248973 0.9999988266991425 1 1 1 1 1 1 1 1 1 1
187 1870 -0.5265189149302816 -0.02687252567806017 0.01992508060653126 0.9999988183565001 1 1 1 1 1 1 1 1 1 1
188 1880 -0.5248986707970561 -0.004211177752231228 0.004804410365676047 0.9999987844282023 1 1 1 1 1 1 1 1 1 1
189 1890 -0.5076842419581713 -0.0074723148203864175 0.01840994367137346 0.9999986714519815 1 1 1 1 1 1 1 1 1 1
190 1900 -0.5108848760935294 -0.0028566003632841423 0.017388262549598563 0.999998590962584 1 1 1 1 1 1 1 1 1 1
191 1910 -0.5287452798532338 -0.06287232782897702 0.006944244753719823 0.9999985988428689 1 1 1 1 1 1 1 1 1 1
192 1920 -0.532317048755199 -0.0060722587216443195 0.04376288906173275 0.9999986106210167 1 1 1 1 1 1 1 1 1 1
193 1930 -0.5517881184676757 -0.0063234884229096035 0.015473312821960242 0.9999986446057727 1 1 1 1 1 1 1 1 1 1
194 1940 -0.5346280765865808 -0.010704449027391925 0.030450379599402038 0.999998561479022 1 1 1 1 1 1 1 1 1 1
195 1950 -0.5578422974177683 -0.008583983953339664 0.005874311931716376 0.9999986177839442 1 1 1 1 1 1 1 1 1 1
196 1960 -0.5260022572312733 -0.005618704804250451 0.015307312476533597 0.999998670584483 1 1 1 1 1 1 1 1 1 1
197 1970 -0.5560452540175218 -0.009204544601801371 0.033753811090557466 0.9999987695137362 1 1 1 1 1 1 1 1 1 1
198 1980 -0.5726680555322426 -0.010410232179692199 0.0024202667616531714 0.9999987307726457 1 1 1 1 1 1 1 1 1 1
199 1990 -0.5863085821257976 -0.0041612958597285555 0.00943899629231499 0.9999987252188658 1 1 1 1 1 1 1 1 1 1
200 2000 -0.6082332231731454 -0.017581861780762372 0.0011189315326018182 0.999998743780275 1 1 1 1 1 1 1 1 1 1
201 2010 -0.6533158376768161 -0.039751685907801385 0.0004157320667431687 0.9999987796513831 1 1 1 1 1 1 1 1 1 1
202 2020 -0.6431672428259636 -0.008695615343910636 0.013437138793221292 0.9999987739896263 1 1 1 1 1 1 1 1 1 1
203 2030 -0.6249523392786168 -0.00011072363175409144 0.0034074176652169426 0.9999988384789414 1 1 1 1 1 1 1 1 1 1
204 2040 -0.6196486164066145 -0.0016421140354745199 0.00424908836898632 0.9999988164960331 1 1 1 1 1 1 1 1 1 1
205 2050 -0.6362686725345583 -0.013311607049248298 0.0012152400931660892 0.9999987974015658 1 1 1 1 1 1 1 1 1 1
206 2060 -0.6475845540991774 -0.010581074220731818 0.0010107274669909215 0.9999988119699059 1 1 1 1 1 1 1 1 1 1
207 2070 -0.625627079322351 -0.029059588130368953 0.004192655163342739 0.9999987703208604 1 1 1 1 1 1 1 1 1 1
208 2080 -0.6236183816459064 -0.006466306644897748 0.03527075771898293 0.9999986699077721 1 1 1 1 1 1 1 1 1 1
209 2090 -0.6331301450966598 -0.007595595019447407 0.01833741481711704 0.9999987154650588 1 1 1 1 1 1 1 1 1 1
210 2100 -0.651273744878732 -0.013612632700710463 0.0052089249726995565 0.9999986440404647 1 1 1 1 1 1 1 1 1 1
211 2110 -0.6657833640457816 -0.012279839392012059 0.020881030455219725 0.9999986187290202 1 1 1 1 1 1 1 1 1 1
212 2120 -0.680841992314256 -0.0030242486223075004 0.039097044949174126 0.9999986064132766 1 1 1 1 1 1 1 1 1 1
213 2130 -0.7310429354464993 -0.007065969149085306 0.0779816485665949 0.9999986935130795 1 1 1 1 1 1 1 1 1 1
214 2140 -0.7521490226834303 -0.008650557704932373 0.003986349750586718 0.9999986733785766 1 1 1 1 1 1 1 1 1 1
215 2150 -0.7641427835533996 -0.026388642043696512 0.021923049023752493 0.9999987434252129 1 1 1 1 1 1 1 1 1 1
216 2160 -0.8152185545330188 -0.028146720834437897 0.020269091530848396 0.9999987660965739 1 1 1 1 1 1 1 1 1 1
217 2170 -0.8255599229807707 -0.030584582488404045 0.04136730875796453 0.9999987991345061 1 1 1 1 1 1 1 1 1 1
218 2180 -0.8353818771004111 -0.04026820560687175 0.013304704995460138 0.9999989046324269 1 1 1 1 1 1 1 1 1 1
219 2190 -0.8414613072346966 -0.026552445960780022 0.0008848333134161954 0.9999989547795458 1 1 1 1 1 1 1 1 1 1
220 2200 -0.8558138794916655 -0.003126130817083299 7.850964713386068e-05 0.9999989813608987 1 1 1 1 1 1 1 1 1 1
221 2210 -0.8471691520295648 -0.04150665570833315 0.0031113082358104685 0.9999990402090781 1 1 1 1 1 1 1 1 1 1
222 2220 -0.8414409482167462 -0.026657488680893765 0.01971192549334764 0.9999990478448632 1 1 1 1 1 1 1 1 1 1
223 2230 -0.8302018600803485 -0.039298103653655624 0.007106126399988865 0.9999990572331569 1 1 1 1 1 1 1 1 1 1
224 2240 -0.8398272373033032 -0.03484647279170039 0.008594465033530528 0.9999991877057802 1 1 1 1 1 1 1 1 1 1
225 2250 -0.8425715845155173 -0.004120213148967295 0.019277286566592857 0.9999992118177543 1 1 1 1 1 1 1 1 1 1
226 2260 -0.8337974413549589 -0.006675534014620204 0.011712452998693449 0.9999992331819968 1 1 1 1 1 1 1 1 1 1
227 2270 -0.8519364578044684 -0.012095295218248339 0.0008346529393319277 0.9999992903007323 1 1 1 1 1 1 1 1 1 1
228 2280 -0.8532738580543857 -0.006432678170086372 0.004705260925639446 0.9999992693255105 1 1 1 1 1 1 1 1 1 1
229 2290 -0.8554557124974983 -0.039189235042278496 0.012083717793402976 0.999999315481818 1 1 1 1 1 1 1 1 1 1
230 2300 -0.8527349669774608 -0.028502174179850515 0.017562781049702398 0.9999992509369499 1 1 1 1 1 1 1 1 1 1
231 2310 -0.8617098599320923 -0.006026185840910562 0.02999809028413054 0.9999992775935631 1 1 1 1 1 1 1 1 1 1
232 2320 -0.8605763913065532 -0.04555086751615087 0.004593061885758822 0.9999992711832808 1 1 1 1 1 1 1 1 1 1
233 2330 -0.8731451109710101 -0.037892769423281306 0.007492589893991606 0.9999992184205054 1 1 1 1 1 1 1 1 1 1
234 2340 -0.8715735276223515 -0.005597850204472409 0.004890275634923332 0.9999992114237698 1 1 1 1 1 1 1 1 1 1
235 2350 -0.8826928708554048 -0.01710555366399958 0.01799601365439406 0.9999992898295592 1 1 1 1 1 1 1 1 1 1
236 2360 -0.8876343274676788 -0.001883395326705196 0.011708412787581165 0.9999993294054421 1 1 1 1 1 1 1 1 1 1
237 2370 -0.8879494473524113 -0.034383008788535604 0.003259516608807261 0.9999992798699643 1 1 1 1 1 1 1 1 1 1
238 2380 -0.8930873030488935 -0.009758111899028072 0.007827514394395468 0.9999992704550497 1 1 1 1 1 1 1 1 1 1
239 2390 -0.8963304148468277 -0.02488874901820309 0.002491884585593594 0.9999992785592023 1 1 1 1 1 1 1 1 1 1
240 2400 -0.8979435251594969 -0.006670199699067469 0.03775533024093013 0.9999992788152169 1 1 1 1 1 1 1 1 1 1
241 2410 -0.894362207364874 -0.028995924967416545 0.06023191680416347 0.9999993436871669 1 1 1 1 1 1 1 1 1 1
242 2420 -0.8967919902669894 -0.03584093639408645 0.0692179791066223 0.999999316864674 1 1 1 1 1 1 1 1 1 1
243 2430 -0.8962044296786916 -0.024634367558306124 0.01133854972901325 0.999999336020774 1 1 1 1 1 1 1 1 1 1
244 2440 -0.8921164055946701 -0.008416227935555461 0.04328369075216741 0.9999993273680852 1 1 1 1 1 1 1 1 1 1
245 2450 -0.8989628390009595 -0.03122149072830137 0.008112179144172912 0.9999993280063046 1 1 1 1 1 1 1 1 1 1
246 2460 -0.909802918587414 -0.00021533494236783478 1.9887388167506416e-05 0.9999993514139787 1 1 1 1 1 1 1 1 1 1
247 2470 -0.9064590649632652 -0.01760179406105802 0.010014578928664947 0.9999993157515692 1 1 1 1 1 1 1 1 1 1
248 2480 -0.9086769382234162 -0.0016683019031295456 0.023954249589665782 0.9999993126560827 1 1 1 1 1 1 1 1 1 1
249 2490 -0.9096094355782486 -0.020997754051627123 0.007817547157531059 0.9999993710603527 1 1 1 1 1 1 1 1 1 1
250 2500 -0.9046965735135314 -0.0015249872913342438 0.013750931050263078 0.9999993928510343 1 1 1 1 1 1 1 1 1 1
251 2510 -0.9052850364967389 -0.005143648259951005 0.015781719436308572 0.999999388717364 1 1 1 1 1 1 1 1 1 1
252 2520 -0.8976362361219044 -0.012124747792563164 0.004923165334806502 0.9999993026684376 1 1 1 1 1 1 1 1 1 1
253 2530 -0.8990205250382499 -0.026974381477859667 0.010247225887103233 0.9999993194427171 1 1 1 1 1 1 1 1 1 1
254 2540 -0.897411711545479 -0.008974685555525054 0.0008794436561088222 0.9999993463812463 1 1 1 1 1 1 1 1 1 1
255 2550 -0.8953521756113249 -0.006940748935767709 0.001643004689311951 0.9999993344091984 1 1 1 1 1 1 1 1 1 1
256 2560 -0.882297101789434 -0.011636253058656688 0.025386333014288727 0.9999993559914997 1 1 1 1 1 1 1 1 1 1
257 2570 -0.8719262642651653 -6.079975474300987e-05 0.00017025065169638478 0.9999993246889162 1 1 1 1 1 1 1 1 1 1
258 2580 -0.8654233419790324 -0.0027946362347957467 0.013362687075248927 0.999999329241259 1 1 1 1 1 1 1 1 1 1
259 2590 -0.8534130848951373 -0.010804512280533675 0.01692852296385531 0.9999993291151501 1 1 1 1 1 1 1 1 1 1
260 2600 -0.8489949061870703 -0.02052972421312138 0.001669967538367495 0.9999993134145276 1 1 1 1 1 1 1 1 1 1
261 2610 -0.839605762765562 -0.013859044490109912 0.005682730223552886 0.9999993053874682 1 1 1 1 1 1 1 1 1 1
262 2620 -0.8488791680646407 -0.01740729300202087 0.008015308170707301 0.9999993036500969 1 1 1 1 1 1 1 1 1 1
263 2630 -0.8541070993866745 -0.008955732264726578 0.004708464349637301 0.9999992989759896 1 1 1 1 1 1 1 1 1 1
264 2640 -0.8524834940130818 -0.013100370588793497 0.0038417138678234655 0.9999993527732854 1 1 1 1 1 1 1 1 1 1
265 2650 -0.8560129174669007 -0.0021802418604357264 0.006817379636955624 0.9999993593713529 1 1 1 1 1 1 1 1 1 1
266 2660 -0.8551515840873923 -0.009344744021615937 0.012490926734274252 0.9999993583851867 1 1 1 1 1 1 1 1 1 1
267 2670 -0.84997791823702 -0.006880726103084744 0.016265792735435353 0.9999993299830817 1 1 1 1 1 1 1 1 1 1
268 2680 -0.8322309040238293 -0.00531480385445288 0.0024184224546787278 0.9999993380002774 1 1 1 1 1 1 1 1 1 1
269 2690 -0.8209247107332819 -0.022437470949277845 0.0021860189218660176 0.9999993403966365 1 1 1 1 1 1 1 1 1 1
270 2700 -0.823944741507149 -0.005450651466807061 0.013530798579457826 0.9999993405403735 1 1 1 1 1 1 1 1 1 1
271 2710 -0.8210256960858577 -0.004235212147944462 0.023718248281188778 0.999999341362385 1 1 1 1 1 1 1 1 1 1
272 2720 -0.8237381847670384 -0.007383724807992259 0.006899642111076566 0.9999993524839218 1 1 1 1 1 1 1 1 1 1
273 2730 -0.8272315853990478 -0.016537306960067468 0.00583342369596526 0.9999993317514108 1 1 1 1 1 1 1 1 1 1
274 2740 -0.8017635288663115 -0.009464825426125135 0.007305978503197471 0.9999993161046674 1 1 1 1 1 1 1 1 1 1
275 2750 -0.8034114974852197 -0.014725820904644365 0.0009407242032534128 0.9999993293865448 1 1 1 1 1 1 1 1 1 1
276 2760 -0.8070277944052043 -0.013354294536020567 0.0029378610296651483 0.9999993283969032 1 1 1 1 1 1 1 1 1 1
277 2770 -0.8019411043033483 -0.016348871210073546 0.0004213143182647697 0.9999993451791611 1 1 1 1 1 1 1 1 1 1
278 2780 -0.785342158766241 -0.003727776328951689 0.009712735728395365 0.9999993278141636 1 1 1 1 1 1 1 1 1 1
279 2790 -0.7795442051906133 -0.019486194360212164 0.009630909859953827 0.9999993266422509 1 1 1 1 1 1 1 1 1 1
280 2800 -0.7547409150547035 -0.0017486235677805183 0.012033378706827455 0.9999993060153337 1 1 1 1 1 1 1 1 1 1
281 2810 -0.7349751903875635 -0.0011383090207262377 0.01367315317957621 0.9999993797478686 1 1 1 1 1 1 1 1 1 1
282 2820 -0.728240795079671 -0.0056591669961084355 0.003973227727375645 0.9999993509059288 1 1 1 1 1 1 1 1 1 1
283 2830 -0.7295956626850199 -0.004507284170449143 0.0037669095576470914 0.9999993399733325 1 1 1 1 1 1 1 1 1 1
284 2840 -0.7300720416502834 -0.010050965028785788 0.0006236958177071725 0.9999993558870374 1 1 1 1 1 1 1 1 1 1
285 2850 -0.7294575526782481 -0.013792483279665577 0.005354605151241042 0.9999993738848953 1 1 1 1 1 1 1 1 1 1
286 2860 -0.7302068164436214 -0.018193256583153284 0.0007839522722026506 0.9999993358897492 1 1 1 1 1 1 1 1 1 1
287 2870 -0.7212238260643735 -0.010006128275607765 0.0024635027936335432 0.9999993343793472 1 1 1 1 1 1 1 1 1 1
288 2880 -0.6754061849491697 -0.01558090810394509 0.0015804321693641775 0.9999992565066813 1 1 1 1 1 1 1 1 1 1
289 2890 -0.670725459260149 -0.0002499856723326639 0.04956609977237159 0.9999992701784299 1 1 1 1 1 1 1 1 1 1
290 2900 -0.6689575284953054 -0.007141729166990053 0.028635101336118723 0.9999993084794713 1 1 1 1 1 1 1 1 1 1
291 2910 -0.6740670595956185 -0.003463446329594229 0.010870621284524764 0.9999992349478369 1 1 1 1 1 1 1 1 1 1
292 2920 -0.6678768874306447 -0.0048897146033471724 0.027413588669503986 0.999999244554036 1 1 1 1 1 1 1 1 1 1
293 2930 -0.6708492422228717 -0.007467707668973948 0.03435132692848026 0.9999993377798854 1 1 1 1 1 1 1 1 1 1
294 2940 -0.6754670354652981 -0.007560294447588959 0.007340595485361913 0.9999992861131608 1 1 1 1 1 1 1 1 1 1
295 2950 -0.6928394685682319 -0.005505642464561608 0.013574961084914851 0.999999379544504 1 1 1 1 1 1 1 1 1 1
296 2960 -0.7156914194585977 -0.030132863434431 0.0017281942418393397 0.9999993993605898 1 1 1 1 1 1 1 1 1 1
297 2970 -0.729999296032059 -0.002054965197038375 0.02095400093571079 0.9999994227263476 1 1 1 1 1 1 1 1 1 1
298 2980 -0.730436788507044 -0.015774442804822635 0.002489493856746862 0.9999993967523788 1 1 1 1 1 1 1 1 1 1
299 2990 -0.7184580662353003 -0.010282849836537891 0.02163776509962407 0.9999993770650586 1 1 1 1 1 1 1 1 1 1
300 3000 -0.6973990729429349 -0.0083441881658124 0.05322916728347871 0.9999994261279528 1 1 1 1 1 1 1 1 1 1
301 3010 -0.6931959477108723 -0.016783607491015005 0.0004530989950868265 0.9999993895817034 1 1 1 1 1 1 1 1 1 1
302 3020 -0.696492251017487 -0.009267074693800045 0.055267610269526105 0.999999384964804 1 1 1 1 1 1 1 1 1 1
303 3030 -0.6964615743180418 -0.009718944596256825 0.04696451033386502 0.9999994200869539 1 1 1 1 1 1 1 1 1 1
304 3040 -0.688306497756939 -0.02635444799291491 0.008577059292089668 0.9999994479004454 1 1 1 1 1 1 1 1 1 1
305 3050 -0.6904401925232357 -0.0025197749843295105 0.012320599340304196 0.9999994768199538 1 1 1 1 1 1 1 1 1 1
306 3060 -0.6859185635563497 -0.012645282184322865 0.003899271433423532 0.9999994836167183 1 1 1 1 1 1 1 1 1 1
307 3070 -0.676417356540341 -0.0008037973211765454 0.01824812575034055 0.9999994703063306 1 1 1 1 1 1 1 1 1 1
308 3080 -0.6787052533644933 -0.0031859405937534405 0.016491045520558568 0.999999490672968 1 1 1 1 1 1 1 1 1 1
309 3090 -0.6757250844517037 -0.0020353607527528106 0.002567573436222095 0.9999994985197665 1 1 1 1 1 1 1 1 1 1
310 3100 -0.6737838905111677 -0.006624564926660068 0.027642797590684713 0.999999505640896 1 1 1 1 1 1 1 1 1 1
311 3110 -0.6692769693158116 -0.0012970348196701678 0.035426213204732854 0.9999994989259118 1 1 1 1 1 1 1 1 1 1
312 3120 -0.6686313271584646 -0.010696235410769847 0.013881099108039927 0.9999994941381971 1 1 1 1 1 1 1 1 1 1
313 3130 -0.6708073402964169 -0.02114012487302035 0.01179341963273535 0.9999994650113915 1 1 1 1 1 1 1 1 1 1
314 3140 -0.6708021587697338 -0.006451344794402291 0.012704602446286633 0.9999994509786089 1 1 1 1 1 1 1 1 1 1
315 3150 -0.6656501269466083 -0.003117410588642508 0.03917070075649913 0.9999994505568484 1 1 1 1 1 1 1 1 1 1
316 3160 -0.666423449764558 -0.01946638987842743 0.005333052902303477 0.9999994841732459 1 1 1 1 1 1 1 1 1 1
317 3170 -0.6628050161756303 -0.0070344789619969025 0.005774280851573169 0.9999994803246213 1 1 1 1 1 1 1 1 1 1
318 3180 -0.6525174851105131 -0.0010068968925671597 0.0032528043147198294 0.9999994935342059 1 1 1 1 1 1 1 1 1 1
319 3190 -0.6547790447722757 -0.028766144280285892 0.00456591588206702 0.9999994761705865 1 1 1 1 1 1 1 1 1 1
320 3200 -0.6214222455605958 -0.02292156439412631 0.019421972026947825 0.9999994702153387 1 1 1 1 1 1 1 1 1 1
321 3210 -0.6155221823905611 -0.016027041456957755 0.002552904947164659 0.9999994788652112 1 1 1 1 1 1 1 1 1 1
322 3220 -0.6295002626924578 -0.018137565737073466 0.012181153315793773 0.9999994748441453 1 1 1 1 1 1 1 1 1 1
323 3230 -0.6281533457598926 -0.030293806767164814 0.02750058082745164 0.9999994887744666 1 1 1 1 1 1 1 1 1 1
324 3240 -0.6411932725444394 -0.01798525133630872 0.006608857019159486 0.9999994947419918 1 1 1 1 1 1 1 1 1 1
325 3250 -0.6464036593860006 -0.015334767697682246 0.009560108588374082 0.9999995158398045 1 1 1 1 1 1 1 1 1 1
326 3260 -0.6422247530540789 -0.0028746149023352314 0.006550459083262491 0.9999995268915365 1 1 1 1 1 1 1 1 1 1
327 3270 -0.6483111526401302 -0.03556782362337744 0.006501290113445657 0.9999995417066712 1 1 1 1 1 1 1 1 1 1
328 3280 -0.6463424589320538 -0.007991548074703005 0.010797604357054957 0.9999995593887356 1 1 1 1 1 1 1 1 1 1
329 3290 -0.6361028600735755 -0.012162210514074623 0.023822156638530694 0.9999995569360176 1 1 1 1 1 1 1 1 1 1
330 3300 -0.6283566181658383 -1.7855123466207453e-05 0.019052495536464757 0.9999995614015845 1 1 1 1 1 1 1 1 1 1
331 3310 -0.6214177159049851 -0.01091327939904316 0.0016103799115785786 0.9999995323827718 1 1 1 1 1 1 1 1 1 1
332 3320 -0.6171780490401091 -0.006279775561421286 0.006533953348160012 0.9999995377078698 1 1 1 1 1 1 1 1 1 1
333 3330 -0.6024357582233508 -0.028115096419953037 0.016014379486805803 0.9999995309766267 1 1 1 1 1 1 1 1 1 1
334 3340 -0.5954905457887462 -0.031004466825702723 0.01351242839067659 0.999999524677241 1 1 1 1 1 1 1 1 1 1
335 3350 -0.589680875239784 -0.014246963035964089 0.011778535903422385 0.999999518389224 1 1 1 1 1 1 1 1 1 1
336 3360 -0.5837670152978288 -0.024803865511981403 0.03240224482590078 0.9999995216429393 1 1 1 1 1 1 1 1 1 1
337 3370 -0.5883134416658252 -0.00838471715753954 0.05011606136842393 0.9999995039977352 1 1 1 1 1 1 1 1 1 1
338 3380 -0.5576120718933382 -0.006052498381498936 0.0044556973663562 0.9999994997632387 1 1 1 1 1 1 1 1 1 1
339 3390 -0.5687359739151272 -0.012040730466606402 0.007824564290732226 0.9999995123266026 1 1 1 1 1 1 1 1 1 1
340 3400 -0.5646283915021715 -0.010498930917026444 0.011300858182957122 0.9999995182704536 1 1 1 1 1 1 1 1 1 1
341 3410 -0.5529306940111778 -0.030264296556017152 0.0011605778466109984 0.9999995307710844 1 1 1 1 1 1 1 1 1 1
342 3420 -0.541428011469016 -0.00464047099010664 0.008235549991171813 0.9999994875991554 1 1 1 1 1 1 1 1 1 1
343 3430 -0.5702242300192596 -0.005510733520970848 0.005867278767071394 0.9999994632262366 1 1 1 1 1 1 1 1 1 1
344 3440 -0.5743855832110947 -0.002935705390857384 0.006927860064967653 0.999999486714115 1 1 1 1 1 1 1 1 1 1
345 3450 -0.5433984798723116 -0.0033942579763425428 0.021060174345454763 0.9999994819520355 1 1 1 1 1 1 1 1 1 1
346 3460 -0.5674631272351812 -0.0051178721292508556 0.02227161706304675 0.9999994744807426 1 1 1 1 1 1 1 1 1 1
347 3470 -0.5685864486681677 -0.010289635942322323 0.03348932163273643 0.9999994828165346 1 1 1 1 1 1 1 1 1 1
348 3480 -0.5779119747049526 -0.006226250389705455 0.025330014070632862 0.9999994314745075 1 1 1 1 1 1 1 1 1 1
349 3490 -0.6034786925830952 -0.006060012104177081 0.03055782354032543 0.9999993690142288 1 1 1 1 1 1 1 1 1 1
350 3500 -0.6026313242993074 -0.005831617584770315 0.01605526794612515 0.999999362248237 1 1 1 1 1 1 1 1 1 1
351 3510 -0.614153951757866 -0.0026941021530854214 0.017157262119480887 0.9999993722947113 1 1 1 1 1 1 1 1 1 1
352 3520 -0.6259633159341133 -0.01754041143980646 0.015429753425971433 0.99999931242208 1 1 1 1 1 1 1 1 1 1
353 3530 -0.6178757087471013 -0.018801222670879005 0.006945501807808213 0.9999993414409518 1 1 1 1 1 1 1 1 1 1
354 3540 -0.6344912087446497 -0.005107014271230347 0.008743216385049168 0.9999993456981989 1 1 1 1 1 1 1 1 1 1
355 3550 -0.6044733146443889 -0.03404888001883459 0.0005876877852974689 0.9999993644643674 1 1 1 1 1 1 1 1 1 1
356 3560 -0.5935639226542978 -0.008482087679549874 0.029669626387903315 0.9999993657976172 1 1 1 1 1 1 1 1 1 1
357 3570 -0.5839532076255903 -0.014661669979415788 0.0397070750694295 0.9999993605447847 1 1 1 1 1 1 1 1 1 1
358 3580 -0.5807984540443188 -0.015002759306953942 0.0035090430325874313 0.9999993586689666 1 1 1 1 1 1 1 1 1 1
359 3590 -0.5748336260746446 -0.0019272222630476992 0.008942139364940184 0.9999993389718428 1 1 1 1 1 1 1 1 1 1
360 3600 -0.5868239350342476 -0.0028320131715382996 0.0077962517214630244 0.9999993252305048 1 1 1 1 1 1 1 1 1 1
361 3610 -0.6115251889187376 -0.011131091779619587 0.017583711381524342 0.9999993732979395 1 1 1 1 1 1 1 1 1 1
362 3620 -0.6195733958742837 -0.0026428897387953923 0.02999616433907986 0.9999993808383342 1 1 1 1 1 1 1 1 1 1
363 3630 -0.6473794665053197 -0.0032160105599547063 0.0026591075775866733 0.9999993645433941 1 1 1 1 1 1 1 1 1 1
364 3640 -0.6453031730675068 -0.0019842764629783294 0.0037737539203719075 0.9999993906831715 1 1 1 1 1 1 1 1 1 1
365 3650 -0.6408150665953362 -0.0075923992103981 0.011504376793426635 0.999999364223254 1 1 1 1 1 1 1 1 1 1
366 3660 -0.6395357266173968 -0.013146723240155624 0.0012928477801658967 0.9999993749909949 1 1 1 1 1 1 1 1 1 1
367 3670 -0.6464565060768704 -0.010996946498350837 0.010459842977387532 0.999999404011004 1 1 1 1 1 1 1 1 1 1
368 3680 -0.6231041737016705 -0.03289379424556806 0.017254561719493775 0.9999994135573015 1 1 1 1 1 1 1 1 1 1
369 3690 -0.6331422746697881 -0.03158374335857957 0.00014071233105576308 0.999999420469227 1 1 1 1 1 1 1 1 1 1
370 3700 -0.6374817584250694 -0.02993217399715689 0.0037650613199789397 0.9999994206843698 1 1 1 1 1 1 1 1 1 1
371 3710 -0.6544618536822543 -0.031146949254370754 0.0021817393522860413 0.9999994313390262 1 1 1 1 1 1 1 1 1 1
372 3720 -0.6469867189721914 -0.05547005506241527 0.010678214459273222 0.9999994108409246 1 1 1 1 1 1 1 1 1 1
373 3730 -0.637018394729208 -0.003707677115512956 0.016728270160997497 0.9999994200329182 1 1 1 1 1 1 1 1 1 1
374 3740 -0.6406106306201091 -0.01980805478037787 0.0038453153143581356 0.9999994468564289 1 1 1 1 1 1 1 1 1 1
375 3750 -0.642871976787797 -0.00824215006435331 0.015818550045410093 0.9999994864877592 1 1 1 1 1 1 1 1 1 1
376 3760 -0.6400361252709398 -0.002378554505284849 0.028387693705728943 0.9999995100995266 1 1 1 1 1 1 1 1 1 1
377 3770 -0.6759821979132591 -0.014658318163380372 0.06656853676967955 0.9999995276258551 1 1 1 1 1 1 1 1 1 1
378 3780 -0.6773403403579635 -0.019903871620836424 0.04962469162301971 0.9999995351013005 1 1 1 1 1 1 1 1 1 1
379 3790 -0.673832820140233 -0.004610854717483302 0.036202254509558725 0.9999995394661663 1 1 1 1 1 1 1 1 1 1
380 3800 -0.7014239182070218 -0.0008871881608679304 0.055009098574644484 0.9999995473970592 1 1 1 1 1 1 1 1 1 1
381 3810 -0.694870685370807 -0.011858271421981082 0.003782966532438745 0.9999995424629736 1 1 1 1 1 1 1 1 1 1
382 3820 -0.6920839075765076 -0.011198331426289001 0.007488959104125793 0.9999995713563244 1 1 1 1 1 1 1 1 1 1
383 3830 -0.710686640041933 -0.01563281966217059 0.03484956696716564 0.9999995713269948 1 1 1 1 1 1 1 1 1 1
384 3840 -0.707666568621499 -0.005709598966295588 0.036616164477004276 0.9999995783133688 1 1 1 1 1 1 1 1 1 1
385 3850 -0.6941606663594347 -0.026725272410482497 0.00792949058219078 0.999999572911105 1 1 1 1 1 1 1 1 1 1
386 3860 -0.7030000214894175 -0.0073950535227604655 0.00279243804948251 0.999999599589122 1 1 1 1 1 1 1 1 1 1
387 3870 -0.7029913684164116 -0.005530300984786611 0.009138334867284569 0.9999996172067535 1 1 1 1 1 1 1 1 1 1
388 3880 -0.6988750842607411 -0.03397936011020133 0.008628959385070465 0.9999996239569126 1 1 1 1 1 1 1 1 1 1
389 3890 -0.7153877758304307 -0.041671214834565345 0.023024535434455533 0.9999996182224421 1 1 1 1 1 1 1 1 1 1
390 3900 -0.7051453011202142 -0.027570896342785263 0.0173623631028079 0.9999996466733518 1 1 1 1 1 1 1 1 1 1
391 3910 -0.7181596611216452 -0.011682763904916849 0.04831361350564942 0.9999996762553892 1 1 1 1 1 1 1 1 1 1
392 3920 -0.7213419322978085 -0.0055550581863667015 0.04133428045968829 0.9999996703582951 1 1 1 1 1 1 1 1 1 1
393 3930 -0.7209744294017442 -0.02946130843074346 0.04224742346636349 0.9999996800156771 1 1 1 1 1 1 1 1 1 1
394 3940 -0.7284447782421836 -0.03354530750322793 0.042536801876507456 0.9999996958671482 1 1 1 1 1 1 1 1 1 1
395 3950 -0.7165930536202769 -0.019302070244416363 0.032065254550431285 0.9999996763586446 1 1 1 1 1 1 1 1 1 1
396 3960 -0.7300771109353671 -0.037297822552891956 0.029384070855764208 0.9999996974641263 1 1 1 1 1 1 1 1 1 1
397 3970 -0.7262001739596509 -0.023625332320972605 0.0007984979301246826 0.9999997184258468 1 1 1 1 1 1 1 1 1 1
398 3980 -0.7255825743348936 -0.0036553365174236364 0.023309957568365392 0.999999755719347 1 1 1 1 1 1 1 1 1 1
399 3990 -0.7361491056642736 -0.007710869310971494 0.025646686720989003 0.9999997563884397 1 1 1 1 1 1 1 1 1 1
400 4000 -0.7464177067200526 -0.003311928038350943 0.014213549635086654 0.9999997627241304 1 1 1 1 1 1 1 1 1 1
401 4010 -0.7521712506177709 -0.008992469896137906 0.018724708511999633 0.999999740908967 1 1 1 1 1 1 1 1 1 1
402 4020 -0.7552539767018582 -0.007105897998985427 0.03689786954009744 0.9999997454136927 1 1 1 1 1 1 1 1 1 1
403 4030 -0.75390037699675 -0.020883313100891407 0.0013219119123586821 0.999999701312046 1 1 1 1 1 1 1 1 1 1
404 4040 -0.7326714027908399 -0.005732308123776628 0.004100186156041408 0.9999997003115572 1 1 1 1 1 1 1 1 1 1
405 4050 -0.7049818718041351 -0.012587851495377743 0.000577549319286825 0.9999996799521984 1 1 1 1 1 1 1 1 1 1
406 4060 -0.7011541180253312 -0.01283682979258845 0.0040939488110266625 0.9999996963617855 1 1 1 1 1 1 1 1 1 1
407 4070 -0.6949134518318061 -0.08065759791348236 0.0006804797860860865 0.9999996928041963 1 1 1 1 1 1 1 1 1 1
408 4080 -0.6849977280986231 -0.0026380112216955907 0.011657756229422937 0.9999996951614188 1 1 1 1 1 1 1 1 1 1
409 4090 -0.6767366248389117 -0.00579763296426838 0.03782744202510747 0.9999996785881803 1 1 1 1 1 1 1 1 1 1
410 4100 -0.6374449054052685 -0.0026575157283543647 0.005019440371622245 0.999999665456932 1 1 1 1 1 1 1 1 1 1
411 4110 -0.6241363504094389 -0.005569116173882574 0.00933063916507738 0.999999633087229 1 1 1 1 1 1 1 1 1 1
412 4120 -0.6122340397987679 -0.06478464559876093 0.002971753658671182 0.9999996158206743 1 1 1 1 1 1 1 1 1 1
413 4130 -0.6096728789341033 -0.0288559806287 0.020006440226645973 0.9999996390934486 1 1 1 1 1 1 1 1 1 1
414 4140 -0.5945435731083366 -0.03603433920442028 0.029082648798875906 0.9999996361285294 1 1 1 1 1 1 1 1 1 1
415 4150 -0.6004417859191893 -0.015589768918267391 0.017376427116146217 0.9999996402597476 1 1 1 1 1 1 1 1 1 1
416 4160 -0.608708427868605 -0.016624544951703936 0.029129427308844116 0.9999996327288818 1 1 1 1 1 1 1 1 1 1
417 4170 -0.5873140246850957 -0.04361453228570748 0.00015184345835360732 0.9999995973987916 1 1 1 1 1 1 1 1 1 1
418 4180 -0.578842045325953 -0.015343045429816552 0.011170920711456764 0.9999995852194421 1 1 1 1 1 1 1 1 1 1
419 4190 -0.5693101789393052 -0.00808047098272526 0.010250783618675922 0.9999995902860832 1 1 1 1 1 1 1 1 1 1
420 4200 -0.561597503552981 -0.004451469604228184 0.009823709958974502 0.9999995933335148 1 1 1 1 1 1 1 1 1 1
421 4210 -0.558510516102242 -0.015242096343195198 0.0048643511716845635 0.9999996078974723 1 1 1 1 1 1 1 1 1 1
422 4220 -0.5625624421140066 -0.035176224841344125 0.0004069866514266968 0.9999996037425402 1 1 1 1 1 1 1 1 1 1
423 4230 -0.5699310577615112 -0.05143762434486687 0.022076478674153417 0.9999995808665062 1 1 1 1 1 1 1 1 1 1
424 4240 -0.5686794593135928 -0.00034877669953781664 0.00030692704967340246 0.999999578547916 1 1 1 1 1 1 1 1 1 1
425 4250 -0.5749500048714354 -0.0008244955216910941 0.05023310361381629 0.9999995776906555 1 1 1 1 1 1 1 1 1 1
426 4260 -0.5840098634589722 -0.004258429356287822 0.0024097118382576045 0.9999995519524993 1 1 1 1 1 1 1 1 1 1
427 4270 -0.5894162988674316 -0.0060548821104940325 0.030593873051928497 0.9999995658861056 1 1 1 1 1 1 1 1 1 1
428 4280 -0.5838527427938576 -0.02808010719332749 0.011700066316795734 0.9999995624851555 1 1 1 1 1 1 1 1 1 1
429 4290 -0.564569244349467 -0.020965433863630832 0.03343927567682607 0.9999995648136519 1 1 1 1 1 1 1 1 1 1
430 4300 -0.5344961985367066 -0.020101779765016488 0.03180284159537973 0.9999995741854966 1 1 1 1 1 1 1 1 1 1
431 4310 -0.5449873137635652 -0.018078232583485128 0.002510559489977204 0.999999591675065 1 1 1 1 1 1 1 1 1 1
432 4320 -0.562594519994663 -0.001969385561011081 0.0005088143295960443 0.9999995961767565 1 1 1 1 1 1 1 1 1 1
433 4330 -0.5615267420318236 -0.0042685035881145006 0.006459778435531902 0.9999996209115954 1 1 1 1 1 1 1 1 1 1
434 4340 -0.5406878782431815 -0.006695358524219737 0.0031656812487661458 0.9999996485716086 1 1 1 1 1 1 1 1 1 1
435 4350 -0.5641363502002943 -0.02031937958998646 0.0006881019065772985 0.9999996766998381 1 1 1 1 1 1 1 1 1 1
436 4360 -0.5423514584786934 -0.0027682469005285717 0.012275798951991764 0.9999996816875997 1 1 1 1 1 1 1 1 1 1
437 4370 -0.5455771463397798 -0.01490668181935169 0.008365596023805663 0.9999997010381255 1 1 1 1 1 1 1 1 1 1
438 4380 -0.5510176915485606 -0.003297629820797275 0.0020650170207420515 0.9999997389106066 1 1 1 1 1 1 1 1 1 1
439 4390 -0.5418193327113177 -0.0056906621908641535 0.014835343460745283 0.9999997615365476 1 1 1 1 1 1 1 1 1 1
440 4400 -0.5252975455162127 -0.001840916121002007 0.009100957461162202 0.999999766559016 1 1 1 1 1 1 1 1 1 1
441 4410 -0.509397375775762 -0.021424345206323483 0.016153841670306264 0.9999997672313445 1 1 1 1 1 1 1 1 1 1
442 4420 -0.5187902293158261 -0.032855506930964506 0.010924913638374703 0.9999997702261878 1 1 1 1 1 1 1 1 1 1
443 4430 -0.5365052776202608 -0.045027130706973964 0.003033721449040608 0.9999997605240538 1 1 1 1 1 1 1 1 1 1
444 4440 -0.5315998735424264 -0.041233984075191084 0.006638307844632587 0.999999762434924 1 1 1 1 1 1 1 1 1 1
445 4450 -0.5424112118292814 -0.023815948110256203 0.008327649322741429 0.9999997647764733 1 1 1 1 1 1 1 1 1 1
446 4460 -0.5512566884025794 -0.0022266537670433705 0.07771554164058321 0.9999997561058507 1 1 1 1 1 1 1 1 1 1
447 4470 -0.5669958947543912 -0.008378753929928994 0.008673934132358735 0.9999997575071126 1 1 1 1 1 1 1 1 1 1
448 4480 -0.5643981516649403 -0.051806867693747205 0.0362844263443842 0.9999997585986472 1 1 1 1 1 1 1 1 1 1
449 4490 -0.5569822723892957 -0.0020033727860919166 0.045163275992686575 0.9999997538719114 1 1 1 1 1 1 1 1 1 1
450 4500 -0.5573669414954301 -0.074332128994558 0.013351414904710512 0.9999997340057586 1 1 1 1 1 1 1 1 1 1
451 4510 -0.5607455599676772 -0.08145246722807976 0.02038028054644369 0.999999732755583 1 1 1 1 1 1 1 1 1 1
452 4520 -0.5712392778226333 -0.05910757105684565 0.006947498660064608 0.9999997328585417 1 1 1 1 1 1 1 1 1 1
453 4530 -0.5690572078022825 -0.04001707432360618 0.010311368053889916 0.9999997463603406 1 1 1 1 1 1 1 1 1 1
454 4540 -0.5684357716972045 -0.003907980644002361 0.03377765147279622 0.9999997306330767 1 1 1 1 1 1 1 1 1 1
455 4550 -0.5469730361060435 -0.020194402115467466 0.011051757182261363 0.9999997354369015 1 1 1 1 1 1 1 1 1 1
456 4560 -0.5560749082446466 -0.009177921378131037 0.01392419374987463 0.9999997271597353 1 1 1 1 1 1 1 1 1 1
457 4570 -0.5438853549112654 -0.0063749833789582076 0.02376273206645218 0.9999997475010727 1 1 1 1 1 1 1 1 1 1
458 4580 -0.5492347122568487 -0.0015176683706486305 0.015626472348237996 0.9999997409926996 1 1 1 1 1 1 1 1 1 1
459 4590 -0.5779142194601254 -0.0029781160485175275 0.026469669489474767 0.9999997271723265 1 1 1 1 1 1 1 1 1 1
460 4600 -0.5706288433326223 -0.00183268679376205 0.014219230010424246 0.9999996999442463 1 1 1 1 1 1 1 1 1 1
461 4610 -0.6176735275110758 -0.003331885953499915 0.014304722382006073 0.9999997021179613 1 1 1 1 1 1 1 1 1 1
462 4620 -0.6306636633373981 -0.06560674971464 0.021653393904297474 0.999999660246824 1 1 1 1 1 1 1 1 1 1
463 4630 -0.6303445948500509 -0.038959646081232514 0.027778384391789025 0.9999996602259084 1 1 1 1 1 1 1 1 1 1
464 4640 -0.6390416336751782 -0.01596014193459893 0.03137839373415848 0.9999996372996383 1 1 1 1 1 1 1 1 1 1
465 4650 -0.6337946333339198 -0.021416442016768608 0.04100413247458119 0.9999996551189254 1 1 1 1 1 1 1 1 1 1
466 4660 -0.6383562186912549 -0.00030902792860402106 0.04038729799136665 0.9999996459518459 1 1 1 1 1 1 1 1 1 1
467 4670 -0.6339271628932557 -0.04619989181633749 0.004395136775565429 0.9999996681269403 1 1 1 1 1 1 1 1 1 1
468 4680 -0.6470402699668835 -0.014755895884102794 0.025012673008909653 0.9999996641761352 1 1 1 1 1 1 1 1 1 1
469 4690 -0.6564875864461572 -0.012527657229866441 0.022314035245895685 0.9999996835450309 1 1 1 1 1 1 1 1 1 1
470 4700 -0.6576303320732679 -0.00419145028145547 0.015237267109717133 0.9999996870882318 1 1 1 1 1 1 1 1 1 1
471 4710 -0.6624895222025442 -0.009471790527186642 0.031985043145176174 0.9999996879269469 1 1 1 1 1 1 1 1 1 1
472 4720 -0.6708863225821479 -0.022379737036276662 0.049317050067516195 0.9999996840217267 1 1 1 1 1 1 1 1 1 1
473 4730 -0.6887862857582796 -0.03180673260974044 0.03752389117913951 0.9999996798664781 1 1 1 1 1 1 1 1 1 1
474 4740 -0.6542548409207061 -0.031037566637689397 0.02631341636760142 0.9999996641787893 1 1 1 1 1 1 1 1 1 1
475 4750 -0.6304528551884142 -0.01878321667614191 0.05003342988239692 0.9999996562933348 1 1 1 1 1 1 1 1 1 1
476 4760 -0.6297280890728699 -0.039372785227793125 0.0015079926172385048 0.9999996779501158 1 1 1 1 1 1 1 1 1 1
477 4770 -0.6425776380837472 -0.026480593191797297 0.0071470012358267766 0.9999996782624583 1 1 1 1 1 1 1 1 1 1
478 4780 -0.6329508136155491 -0.04846121171074334 0.012207778012677358 0.9999996536281022 1 1 1 1 1 1 1 1 1 1
479 4790 -0.6463230742436394 -0.017343876093809912 0.012573235986585395 0.9999996588060094 1 1 1 1 1 1 1 1 1 1
480 4800 -0.6557237794360443 -0.003635603756928976 0.0014370655396866514 0.9999996617366562 1 1 1 1 1 1 1 1 1 1
481 4810 -0.6687120311906676 -0.05217846862071001 0.031248367444187707 0.9999996342075719 1 1 1 1 1 1 1 1 1 1
482 4820 -0.6850731439252098 -0.05875987553400138 0.020373562751123626 0.999999612634727 1 1 1 1 1 1 1 1 1 1
483 4830 -0.6886640903626063 -0.02626535391358848 0.008741836423168043 0.9999996371554499 1 1 1 1 1 1 1 1 1 1
484 4840 -0.6852036316678073 -0.04669457650900141 0.012016686356040219 0.9999996460447035 1 1 1 1 1 1 1 1 1 1
485 4850 -0.6870905156812415 -0.008828673781648566 0.026348062374278808 0.9999996633205424 1 1 1 1 1 1 1 1 1 1
486 4860 -0.6851809181539464 -0.007223617243702975 0.044477772867196605 0.9999996611111532 1 1 1 1 1 1 1 1 1 1
487 4870 -0.6799705497765887 -0.035039209750357084 0.03611173297802755 0.9999996648794222 1 1 1 1 1 1 1 1 1 1
488 4880 -0.7035334111187331 -0.02721633958117147 0.0387580678257251 0.9999996720401709 1 1 1 1 1 1 1 1 1 1
489 4890 -0.7056285868545554 -0.001448540903456801 0.048261952757573744 0.9999996680365539 1 1 1 1 1 1 1 1 1 1
490 4900 -0.7125218396428286 -0.00045296960877499234 0.03179284022006247 0.9999996406097637 1 1 1 1 1 1 1 1 1 1
491 4910 -0.6951724155119721 -0.0180499706650602 0.05131587033123995 0.9999996438542604 1 1 1 1 1 1 1 1 1 1
492 4920 -0.6827288836199986 -0.0037256985353485298 0.056074269966328444 0.999999653739287 1 1 1 1 1 1 1 1 1 1
493 4930 -0.6706651546400472 -0.027607372395980448 0.015657668658840978 0.999999637609936 1 1 1 1 1 1 1 1 1 1
494 4940 -0.6592369958269371 -0.01317886040649866 0.008907688895818056 0.9999996775396043 1 1 1 1 1 1 1 1 1 1
495 4950 -0.6685595178566504 -0.020142199813894854 0.0430392169695402 0.9999996991907965 1 1 1 1 1 1 1 1 1 1
496 4960 -0.6501915419923178 -0.017216737112114584 0.043195284713692175 0.9999996856653377 1 1 1 1 1 1 1 1 1 1
497 4970 -0.6452841056133858 -0.00904956664570904 0.040766019058297694 0.9999996671117343 1 1 1 1 1 1 1 1 1 1
498 4980 -0.6497984148824628 -0.0638980348930685 0.005254131576828124 0.9999996280563326 1 1 1 1 1 1 1 1 1 1
499 4990 -0.6769231091615487 -0.02929930723351791 0.030236086064989287 0.9999996115133984 1 1 1 1 1 1 1 1 1 1
500 5000 -0.6782553104205924 -0.03980820243315559 0.03251037062864952 0.9999995665252832 1 1 1 1 1 1 1 1 1 1
501 5010 -0.6691814500913108 -0.04589665370195686 0.009738348955702435 0.9999995375299953 1 1 1 1 1 1 1 1 1 1
502 5020 -0.6914112606285674 -0.028777232314696536 0.0036834963334088575 0.9999995277836339 1 1 1 1 1 1 1 1 1 1
503 5030 -0.7016929574575305 -0.009085172133528805 0.030398084881070632 0.9999995361618716 1 1 1 1 1 1 1 1 1 1
504 5040 -0.7027433160847877 -0.010404020871360872 0.021413916729732373 0.9999995465659232 1 1 1 1 1 1 1 1 1 1
505 5050 -0.6923134213881509 -0.004903370174044909 0.0031138656009314014 0.9999995096672731 1 1 1 1 1 1 1 1 1 1
506 5060 -0.6389455542773051 -0.05119893776776597 0.0058542913741360374 0.9999995075846213 1 1 1 1 1 1 1 1 1 1
507 5070 -0.6148047326800169 -0.019029399227808518 0.03572419842796366 0.9999995305030299 1 1 1 1 1 1 1 1 1 1
508 5080 -0.6033602706676215 -0.01802834955780046 0.03310442798984151 0.9999995269363161 1 1 1 1 1 1 1 1 1 1
509 5090 -0.5918212451417294 -0.01044238363972627 0.024926113867253748 0.9999995136998503 1 1 1 1 1 1 1 1 1 1
510 5100 -0.5941680751697842 -0.012080599427684108 0.012258691683271308 0.9999994769482604 1 1 1 1 1 1 1 1 1 1
511 5110 -0.6203701619879932 -0.013312767793935512 0.026456615809079986 0.9999994939804707 1 1 1 1 1 1 1 1 1 1
512 5120 -0.6180760442365316 -0.04824959247176519 0.005709450887946862 0.9999994526251008 1 1 1 1 1 1 1 1 1 1
513 5130 -0.6201529137452642 -0.025064323138426395 0.034237311016835345 0.9999994370973129 1 1 1 1 1 1 1 1 1 1
514 5140 -0.6235323409964445 -0.022883747436727275 0.021831915811866057 0.999999423533392 1 1 1 1 1 1 1 1 1 1
515 5150 -0.6302585228446929 -0.02246269237339401 0.05832122941578001 0.9999994267736109 1 1 1 1 1 1 1 1 1 1
516 5160 -0.6298623906016756 -0.010634660988088743 0.044554892333664005 0.999999466867642 1 1 1 1 1 1 1 1 1 1
517 5170 -0.6435411566338769 -0.03208532059057132 0.06582991701365597 0.9999994681960661 1 1 1 1 1 1 1 1 1 1
518 5180 -0.6376458094578035 -0.02087873286401074 0.051030498037962856 0.9999994551983608 1 1 1 1 1 1 1 1 1 1
519 5190 -0.6287331253441564 -0.007852635206592967 0.02309275422727808 0.9999994602711919 1 1 1 1 1 1 1 1 1 1
520 5200 -0.6239934469152599 -0.09564391165539145 0.0031600393575702034 0.9999994720776634 1 1 1 1 1 1 1 1 1 1
521 5210 -0.6446024937079174 -0.01866946937334474 0.07934067013798989 0.9999994968060467 1 1 1 1 1 1 1 1 1 1
522 5220 -0.6325212236519345 -0.015886164498529275 0.07638972176200559 0.9999995130674846 1 1 1 1 1 1 1 1 1 1
523 5230 -0.6374675900899233 -8.792397264816153e-05 0.08074162582972533 0.9999995011752255 1 1 1 1 1 1 1 1 1 1
524 5240 -0.6367705580928094 -0.03421664155376791 0.028666793863068498 0.9999995350708102 1 1 1 1 1 1 1 1 1 1
525 5250 -0.6470892022937231 -0.012661396972244875 0.06662874999589756 0.9999995274630717 1 1 1 1 1 1 1 1 1 1
526 5260 -0.6559060028361158 -0.06306206643544637 0.004400191744462836 0.9999995259796602 1 1 1 1 1 1 1 1 1 1
527 5270 -0.6548225522537476 -0.052760106858467236 0.03803919721258382 0.9999994433814764 1 1 1 1 1 1 1 1 1 1
528 5280 -0.6660698141990244 -0.06246028400190791 0.054850421176980635 0.9999994292624668 1 1 1 1 1 1 1 1 1 1
529 5290 -0.650533911811216 -0.05182089054397962 0.0386495961114518 0.9999994538098967 1 1 1 1 1 1 1 1 1 1
530 5300 -0.6669114925511155 -0.04454694769019444 0.05657223712798698 0.999999483544073 1 1 1 1 1 1 1 1 1 1
531 5310 -0.691805515580643 -0.0048315774639449294 0.04430394451486948 0.9999995138812923 1 1 1 1 1 1 1 1 1 1
532 5320 -0.6967838225797305 -0.002664274646862008 0.04818483975202215 0.9999995791922995 1 1 1 1 1 1 1 1 1 1
533 5330 -0.6857707781369933 -0.016960819293847768 0.01112925508145393 0.9999995640773842 1 1 1 1 1 1 1 1 1 1
534 5340 -0.6811168940426755 -0.012152095503246356 0.037338014613970065 0.9999995892300537 1 1 1 1 1 1 1 1 1 1
535 5350 -0.6591570032495901 -0.00778417048619463 0.007974536583307632 0.9999996515595875 1 1 1 1 1 1 1 1 1 1
536 5360 -0.6141863335913371 -0.0168712944811885 0.01948569328742636 0.9999996280520286 1 1 1 1 1 1 1 1 1 1
537 5370 -0.6135992052628823 -0.014537175781314159 0.061997535648425584 0.9999996295946264 1 1 1 1 1 1 1 1 1 1
538 5380 -0.6155168873544361 -0.011295900798641855 0.06113802928089013 0.9999996645055708 1 1 1 1 1 1 1 1 1 1
539 5390 -0.6376628868821201 -0.02931923738198251 0.011717053563795125 0.9999996803068241 1 1 1 1 1 1 1 1 1 1
540 5400 -0.6454343787824748 -0.013394115208431992 0.01577800255439278 0.99999971962906 1 1 1 1 1 1 1 1 1 1
541 5410 -0.6571432218960115 -0.00415234939660912 0.023037970160354256 0.9999996884369415 1 1 1 1 1 1 1 1 1 1
542 5420 -0.6528289791722829 -0.01768024575292226 0.011326354774004017 0.999999645344748 1 1 1 1 1 1 1 1 1 1
543 5430 -0.657889037676161 -0.006441023429189695 0.02886273635912014 0.9999996125102691 1 1 1 1 1 1 1 1 1 1
544 5440 -0.6475566921987375 -0.018053533047585425 0.049660945238701376 0.9999996099257403 1 1 1 1 1 1 1 1 1 1
545 5450 -0.6566610158072048 -0.024824430778668336 0.05097817037297074 0.9999995807113106 1 1 1 1 1 1 1 1 1 1
546 5460 -0.6741361251888991 -0.02868903306731809 0.015055048536885964 0.9999995439403638 1 1 1 1 1 1 1 1 1 1
547 5470 -0.6746191592909838 -0.023527465567755503 0.018475933834892138 0.999999498687604 1 1 1 1 1 1 1 1 1 1
548 5480 -0.6713641800431353 -0.026087431523151752 0.07568200965451732 0.9999994920028676 1 1 1 1 1 1 1 1 1 1
549 5490 -0.6616687251621347 -0.009062707951919727 0.003261873852020169 0.999999515310416 1 1 1 1 1 1 1 1 1 1
550 5500 -0.6751369183366707 -0.03078356516484256 0.0002645605632824818 0.9999995247214021 1 1 1 1 1 1 1 1 1 1
551 5510 -0.6766114706294357 -0.022784957267536578 0.07635815498614165 0.999999538301932 1 1 1 1 1 1 1 1 1 1
552 5520 -0.6773754794244179 -0.09198985628119695 0.005687404441383534 0.9999995361629285 1 1 1 1 1 1 1 1 1 1
553 5530 -0.6742473918764026 -0.002067744486769563 0.010556768778219181 0.9999995031589708 1 1 1 1 1 1 1 1 1 1
554 5540 -0.6759127754723248 -0.019605732554690385 0.011374786356773938 0.999999511263474 1 1 1 1 1 1 1 1 1 1
555 5550 -0.7131658627448817 -0.04154800104256385 0.021815571183729815 0.9999995310034611 1 1 1 1 1 1 1 1 1 1
556 5560 -0.7201317337560842 -0.05303462200435892 0.025176478074263677 0.9999995211882358 1 1 1 1 1 1 1 1 1 1
557 5570 -0.7102744121012168 -0.025255019942288574 0.04554264710688173 0.9999995379676236 1 1 1 1 1 1 1 1 1 1
558 5580 -0.7092939062928978 -0.02790564202652147 0.04812359971643639 0.9999995373177438 1 1 1 1 1 1 1 1 1 1
559 5590 -0.7142159425299893 -0.009592993648226914 0.04166228603601235 0.9999994622433517 1 1 1 1 1 1 1 1 1 1
560 5600 -0.7328142046430501 -0.024322791393982024 0.004495275068820463 0.9999994549605022 1 1 1 1 1 1 1 1 1 1
561 5610 -0.7385102896678509 -0.006495226489335006 0.008826321966178411 0.9999994189728809 1 1 1 1 1 1 1 1 1 1
562 5620 -0.7266913617335404 -0.02708565474717739 0.008920012689757496 0.9999993729307761 1 1 1 1 1 1 1 1 1 1
563 5630 -0.7190797372642125 -0.008043128661728715 0.021323736810244066 0.9999993153736005 1 1 1 1 1 1 1 1 1 1
564 5640 -0.7142311895854386 -0.023111309822974345 0.010167095194109204 0.9999992560047832 1 1 1 1 1 1 1 1 1 1
565 5650 -0.7094639005214676 -0.025822032439491948 0.035784993506946444 0.999999255755656 1 1 1 1 1 1 1 1 1 1
566 5660 -0.7216202914544502 -0.039354309008791936 0.0032829493683572165 0.9999992308415879 1 1 1 1 1 1 1 1 1 1
567 5670 -0.7294669536615667 -0.043354539168022406 0.013279187015424028 0.9999992278397887 1 1 1 1 1 1 1 1 1 1
568 5680 -0.747885143121069 -0.005850569656778453 0.010030823398083814 0.9999991840646253 1 1 1 1 1 1 1 1 1 1
569 5690 -0.7612417760617908 -0.040575099140127316 0.03208364170408848 0.9999991824859794 1 1 1 1 1 1 1 1 1 1
570 5700 -0.7599830194798172 -0.014333842636262807 0.015895846830602203 0.9999991769501202 1 1 1 1 1 1 1 1 1 1
571 5710 -0.76795752310515 -0.019437642815849046 0.012917898474242998 0.9999991433357249 1 1 1 1 1 1 1 1 1 1
572 5720 -0.7654490805403907 -0.034783467045729426 0.014094208555421293 0.9999990729415149 1 1 1 1 1 1 1 1 1 1
573 5730 -0.7651948491547428 -0.0024083323924008276 0.025959847371324882 0.9999991063146397 1 1 1 1 1 1 1 1 1 1
574 5740 -0.7648503374021959 -0.01046833050469893 0.025323857352909453 0.999999096629874 1 1 1 1 1 1 1 1 1 1
575 5750 -0.7604704329993877 -0.036305979229349514 0.0030115827989124814 0.9999991275982743 1 1 1 1 1 1 1 1 1 1
576 5760 -0.7702871942641257 -0.03216686416099802 0.003538735049965544 0.9999991117972462 1 1 1 1 1 1 1 1 1 1
577 5770 -0.7679794811028638 -0.055228526158688146 0.011791512907125826 0.9999991289209944 1 1 1 1 1 1 1 1 1 1
578 5780 -0.7538030632162245 -0.06201347692574844 0.008747124575920294 0.9999991938901348 1 1 1 1 1 1 1 1 1 1
579 5790 -0.7363585465867001 -0.024634339543776848 0.013541438958828846 0.9999991437816995 1 1 1 1 1 1 1 1 1 1
580 5800 -0.7313555681056301 -0.00015276644124308773 4.795533991534465e-05 0.9999991365607129 1 1 1 1 1 1 1 1 1 1
581 5810 -0.7405918206735524 -0.027854752959842327 0.005392492548443692 0.999999193743019 1 1 1 1 1 1 1 1 1 1
582 5820 -0.7249791798606715 -0.01519917877938952 0.027364950435890094 0.9999991863895021 1 1 1 1 1 1 1 1 1 1
583 5830 -0.7154834517231434 -0.006373258383768082 0.037323115132938976 0.9999991590587953 1 1 1 1 1 1 1 1 1 1
584 5840 -0.7092501181576916 -0.0031757197868418803 0.040327149294165456 0.9999990916687015 1 1 1 1 1 1 1 1 1 1
585 5850 -0.7099639239290749 -0.04709522464211366 0.0075634239132878825 0.9999990941918089 1 1 1 1 1 1 1 1 1 1
586 5860 -0.7040415608833455 -0.007946995847318283 0.06688397797343192 0.9999990708338834 1 1 1 1 1 1 1 1 1 1
587 5870 -0.7079263515282755 -0.10257766180752742 0.04259194615715538 0.9999991159357753 1 1 1 1 1 1 1 1 1 1
588 5880 -0.6660254833827918 -0.10214999929600832 0.07092474370236769 0.9999991213428479 1 1 1 1 1 1 1 1 1 1
589 5890 -0.6982844369789862 -0.03392854822674561 0.03194733214005498 0.9999991425256987 1 1 1 1 1 1 1 1 1 1
590 5900 -0.6997002949107046 -0.00019911209559539064 0.012898548786339262 0.9999991194350974 1 1 1 1 1 1 1 1 1 1
591 5910 -0.6854377469031007 -0.05118680972505321 0.0004202239375965568 0.9999991222843715 1 1 1 1 1 1 1 1 1 1
592 5920 -0.6911176597564822 -0.010799083115579158 0.032087302023455076 0.9999990819293361 1 1 1 1 1 1 1 1 1 1
593 5930 -0.6659306152597598 -0.03441256760761925 0.019946966446912476 0.9999990304405116 1 1 1 1 1 1 1 1 1 1
594 5940 -0.6639750605978884 -0.00036601525370264784 0.006182898419661072 0.9999991246531152 1 1 1 1 1 1 1 1 1 1
595 5950 -0.6582245403159377 -0.025661009363021355 0.01937149333391806 0.9999991908547574 1 1 1 1 1 1 1 1 1 1
596 5960 -0.6412801189284411 -0.02163524749537538 0.024750294609884146 0.9999992658189434 1 1 1 1 1 1 1 1 1 1
597 5970 -0.6469164188022289 -0.022318237587510503 0.03199380204572443 0.9999992069753719 1 1 1 1 1 1 1 1 1 1
598 5980 -0.6502572659011114 -0.03176015498620091 0.03049730360582835 0.9999991914665299 1 1 1 1 1 1 1 1 1 1
599 5990 -0.6565536524992551 -0.026515854231100647 0.05598391649995618 0.9999992004264581 1 1 1 1 1 1 1 1 1 1
600 6000 -0.6432841231768591 -0.022646398610030864 0.030929578918125228 0.9999991437412046 1 1 1 1 1 1 1 1 1 1
601 6010 -0.6522235112565803 -0.027133492303760137 0.04354274857491795 0.9999991701743938 1 1 1 1 1 1 1 1 1 1
602 6020 -0.6492447464088857 -0.03217618350230596 0.05568699983427147 0.9999991663437198 1 1 1 1 1 1 1 1 1 1
603 6030 -0.6568541970525655 -0.015716741401341796 0.06300802806508293 0.9999992318196116 1 1 1 1 1 1 1 1 1 1
604 6040 -0.6537886257471136 -0.006032419047784163 0.062388923700392826 0.9999992515164347 1 1 1 1 1 1 1 1 1 1
605 6050 -0.6769950461684732 -0.026866346504268897 0.0257274766144263 0.999999203209226 1 1 1 1 1 1 1 1 1 1
606 6060 -0.6864262029238282 -0.021695153124796994 0.005916395915542049 0.9999991864784391 1 1 1 1 1 1 1 1 1 1
607 6070 -0.6902002150736439 -0.006689362641817078 0.014380365457541374 0.9999990963786598 1 1 1 1 1 1 1 1 1 1
608 6080 -0.6992904166500126 -0.0028631142779669064 0.00807646688097628 0.9999990247111044 1 1 1 1 1 1 1 1 1 1
609 6090 -0.6819897835405395 -0.00458232535064865 0.006474684036435254 0.999998986541849 1 1 1 1 1 1 1 1 1 1
610 6100 -0.6842617471175272 -0.05148453465218559 0.0023471390438778916 0.9999990789625895 1 1 1 1 1 1 1 1 1 1
611 6110 -0.6801493173248213 -0.0005307917846129698 0.025385531870227414 0.9999990321173652 1 1 1 1 1 1 1 1 1 1
612 6120 -0.6843928697796027 -0.008678796315355829 0.004168103613254126 0.9999989402883437 1 1 1 1 1 1 1 1 1 1
613 6130 -0.6687139136587816 -0.022148732689068362 0.02078834795330521 0.9999988405278996 1 1 1 1 1 1 1 1 1 1
614 6140 -0.6674720639031501 -0.031239325666780268 0.003972768148514877 0.999998868584778 1 1 1 1 1 1 1 1 1 1
615 6150 -0.6797457688627968 -0.010233895558978714 0.04091786470535355 0.9999989298755615 1 1 1 1 1 1 1 1 1 1
616 6160 -0.65448631843626 -0.027395299995375662 0.0056562478772476605 0.999998969390018 1 1 1 1 1 1 1 1 1 1
617 6170 -0.6468738161428648 -0.07745574674103965 0.0066594864262941745 0.9999989321245155 1 1 1 1 1 1 1 1 1 1
618 6180 -0.654691296136896 -0.010530977490159785 0.003180038099643583 0.9999989454284326 1 1 1 1 1 1 1 1 1 1
619 6190 -0.6622230244204662 -0.0006134056960295771 0.0017216509135013559 0.9999990211960063 1 1 1 1 1 1 1 1 1 1
620 6200 -0.6621066031315231 -0.02455656920299054 0.01066548559478506 0.9999991146620572 1 1 1 1 1 1 1 1 1 1
621 6210 -0.6686134952641607 -0.027033867594516224 0.030942970057068066 0.9999992099186019 1 1 1 1 1 1 1 1 1 1
622 6220 -0.6648883235928051 -6.312991404015652e-05 0.00011784927743751205 0.9999992142706056 1 1 1 1 1 1 1 1 1 1
623 6230 -0.7015027701264657 -0.07644493304221928 0.007584563238241183 0.9999992057216932 1 1 1 1 1 1 1 1 1 1
624 6240 -0.7170461303965819 -0.0019369273670348103 0.07902186184919036 0.9999993037048556 1 1 1 1 1 1 1 1 1 1
625 6250 -0.6886523459473081 -0.056607170350162266 0.0027786509802933063 0.9999993802638592 1 1 1 1 1 1 1 1 1 1
626 6260 -0.6972623060552252 -0.005882844177794491 0.0608730919969131 0.9999994705847587 1 1 1 1 1 1 1 1 1 1
627 6270 -0.691696486949471 -0.006307698952870422 0.011108163043770825 0.9999994901228008 1 1 1 1 1 1 1 1 1 1
628 6280 -0.6977886885732336 -0.0043110577158243565 0.023959954515543773 0.9999994974094265 1 1 1 1 1 1 1 1 1 1
629 6290 -0.6777284750858531 -0.01331514075779004 0.04018794906264322 0.9999995243068266 1 1 1 1 1 1 1 1 1 1
630 6300 -0.689527259151231 -0.0354682381526459 0.04178759028286529 0.9999995479073529 1 1 1 1 1 1 1 1 1 1
631 6310 -0.6952234983819827 -0.021124040472146055 0.03573936204640616 0.9999995678221605 1 1 1 1 1 1 1 1 1 1
632 6320 -0.6650090968130012 -0.00947233621156755 0.05223084885682755 0.999999580806317 1 1 1 1 1 1 1 1 1 1
633 6330 -0.6879666602256213 -0.008239650758725847 0.011745655845511935 0.9999996108623219 1 1 1 1 1 1 1 1 1 1
634 6340 -0.6992501664194106 -0.05285494374196768 0.001227356071705038 0.9999996424212615 1 1 1 1 1 1 1 1 1 1
635 6350 -0.7044565716081166 -0.002447155494931859 0.014567926214119141 0.9999996394841661 1 1 1 1 1 1 1 1 1 1
636 6360 -0.6882257938408715 -0.013737393853605253 0.01859615475286422 0.999999681065181 1 1 1 1 1 1 1 1 1 1
637 6370 -0.6834776507660061 -0.0006984355491003342 0.0001292295244808428 0.9999996803192721 1 1 1 1 1 1 1 1 1 1
638 6380 -0.7038579227107588 -0.02298304433581323 0.01704100106301159 0.9999997130305934 1 1 1 1 1 1 1 1 1 1
639 6390 -0.6998054463559876 -0.009916887329556494 0.009303669207335536 0.9999997315278889 1 1 1 1 1 1 1 1 1 1
640 6400 -0.6861924245496003 -0.013675952920405455 0.0028299522414126986 0.9999997498906582 1 1 1 1 1 1 1 1 1 1
641 6410 -0.6936234377478234 -0.006670834443887696 0.03356875695282991 0.9999997838379161 1 1 1 1 1 1 1 1 1 1
642 6420 -0.7178803351366152 -0.011518601344561437 0.0239520342259644 0.9999997935659214 1 1 1 1 1 1 1 1 1 1
643 6430 -0.7034997057603688 -0.012357258770731726 0.06496093347606319 0.9999998072347586 1 1 1 1 1 1 1 1 1 1
644 6440 -0.7065111616053176 -0.011370646561947972 0.047696260385749874 0.9999998285940163 1 1 1 1 1 1 1 1 1 1
645 6450 -0.7297924117892127 -0.04603664316071273 0.021103000057689187 0.9999998232458472 1 1 1 1 1 1 1 1 1 1
646 6460 -0.7323550520723523 -0.04443937413287754 0.009770220454749179 0.9999998210626235 1 1 1 1 1 1 1 1 1 1
647 6470 -0.7321947018205615 -0.06110958224485059 0.0034461156173854 0.9999998037952686 1 1 1 1 1 1 1 1 1 1
648 6480 -0.7321388478740242 -0.04640939578943526 0.055901698758263216 0.9999998101811559 1 1 1 1 1 1 1 1 1 1
649 6490 -0.7395553258077393 -0.015917693944361374 0.047716855623985 0.9999998229272429 1 1 1 1 1 1 1 1 1 1
650 6500 -0.7427663694953247 -0.019942147395839164 0.04246424036441304 0.9999998336936798 1 1 1 1 1 1 1 1 1 1
651 6510 -0.7425709681508889 -0.02528033827437566 0.0243145486037255 0.9999998410554541 1 1 1 1 1 1 1 1 1 1
652 6520 -0.7640702194868242 -0.016565966605315657 0.0016530426647307726 0.9999998511857624 1 1 1 1 1 1 1 1 1 1
653 6530 -0.7974095212830321 -0.01598118190763779 0.018102419669240966 0.9999998650523514 1 1 1 1 1 1 1 1 1 1
654 6540 -0.8010304915150736 -0.000559055346999349 0.019410151079580492 0.999999858089351 1 1 1 1 1 1 1 1 1 1
655 6550 -0.7911018884785094 -0.03222891753631471 0.013012735148523927 0.9999998718666518 1 1 1 1 1 1 1 1 1 1
656 6560 -0.7866277772921865 -0.014660398000503491 0.03624748782780031 0.9999998724180147 1 1 1 1 1 1 1 1 1 1
657 6570 -0.7921897336426527 -0.007870792361131217 0.02379839949269665 0.9999998790253872 1 1 1 1 1 1 1 1 1 1
658 6580 -0.7954447967120853 -0.033289385138080746 0.008679403206488037 0.999999884176165 1 1 1 1 1 1 1 1 1 1
659 6590 -0.7889306116896451 -0.011102021656798274 0.022288619753298947 0.9999998853833464 1 1 1 1 1 1 1 1 1 1
660 6600 -0.7902706280328436 -0.015341435433162054 0.014425646438698675 0.9999998786538378 1 1 1 1 1 1 1 1 1 1
661 6610 -0.7781489011493097 -0.010339820654743419 0.02968960341270686 0.999999887457163 1 1 1 1 1 1 1 1 1 1
662 6620 -0.7715342055984975 -0.008312453610456632 0.014880693199886481 0.9999999001353628 1 1 1 1 1 1 1 1 1 1
663 6630 -0.7701279791747712 -0.009917787766456073 0.02750188898043397 0.9999999082823549 1 1 1 1 1 1 1 1 1 1
664 6640 -0.7707365330855988 -0.0033418570379795355 0.007424658373179961 0.999999911979373 1 1 1 1 1 1 1 1 1 1
665 6650 -0.7696179976224814 -0.007408181219591757 0.004686900651865307 0.9999999061890107 1 1 1 1 1 1 1 1 1 1
666 6660 -0.7629627009304777 -0.009009133283422588 0.005144182547899331 0.9999999162853788 1 1 1 1 1 1 1 1 1 1
667 6670 -0.7589170090765358 -0.002069334984728493 0.013307732846652136 0.9999999153231306 1 1 1 1 1 1 1 1 1 1
668 6680 -0.7542849802885108 -0.021951322834373344 0.015437992071570442 0.9999999225705288 1 1 1 1 1 1 1 1 1 1
669 6690 -0.7563936117012995 -0.018319147814036478 0.00439066667257814 0.9999999292433976 1 1 1 1 1 1 1 1 1 1
670 6700 -0.7577433879760302 -0.013723363322319042 0.014290664629977872 0.9999999380787623 1 1 1 1 1 1 1 1 1 1
671 6710 -0.7628288608797091 -0.0005234097874370996 0.004344192453854761 0.9999999376722736 1 1 1 1 1 1 1 1 1 1
672 6720 -0.7677433433234717 -0.010949121072032128 0.001299190894687315 0.9999999328361451 1 1 1 1 1 1 1 1 1 1
673 6730 -0.7636798637335038 -0.011924692636495857 0.0050882457463093875 0.9999999379073208 1 1 1 1 1 1 1 1 1 1
674 6740 -0.7735767564354237 -0.00044499819856750635 0.0079928173845668 0.999999938494884 1 1 1 1 1 1 1 1 1 1
675 6750 -0.7748441812106031 -0.0530038122950727 0.028670106175208623 0.9999999310418853 1 1 1 1 1 1 1 1 1 1
676 6760 -0.778084855686562 -0.08442240065098772 0.014866708084246165 0.9999999306147973 1 1 1 1 1 1 1 1 1 1
677 6770 -0.7815512040777097 -0.003136996318617381 0.021634120443358593 0.9999999319828073 1 1 1 1 1 1 1 1 1 1
678 6780 -0.7766017620785223 -0.020944414306085166 0.0275603767401369 0.9999999267546692 1 1 1 1 1 1 1 1 1 1
679 6790 -0.7753887869862958 -0.013679344223483905 0.008354656156845596 0.9999999347077074 1 1 1 1 1 1 1 1 1 1
680 6800 -0.7927242967620207 -0.020090618952148066 0.01064345051352772 0.9999999396220818 1 1 1 1 1 1 1 1 1 1
681 6810 -0.773425092981916 -0.005225249245811193 0.008045350285281291 0.9999999388021397 1 1 1 1 1 1 1 1 1 1
682 6820 -0.7702061512105282 -0.08264385998394223 0.006582650599283646 0.9999999402785794 1 1 1 1 1 1 1 1 1 1
683 6830 -0.7684328949686393 -0.004720019479731765 0.05349982892065523 0.9999999452155385 1 1 1 1 1 1 1 1 1 1
684 6840 -0.7738978388475904 -0.05381468185431128 0.010308645858620307 0.9999999459413408 1 1 1 1 1 1 1 1 1 1
685 6850 -0.7575776873839799 -0.0687639878596599 0.03306478274704237 0.9999999478347156 1 1 1 1 1 1 1 1 1 1
686 6860 -0.7645283182404511 -0.10572358621497185 0.06660351986071207 0.9999999465907027 1 1 1 1 1 1 1 1 1 1
687 6870 -0.7480376248931114 -0.10888032731344906 0.09249220185421379 0.9999999491516995 1 1 1 1 1 1 1 1 1 1
688 6880 -0.7423428718584117 -0.13868787588056886 0.10691288581572662 0.9999999431630164 1 1 1 1 1 1 1 1 1 1
689 6890 -0.7473275705942583 -0.16210631934036074 0.12888327002783337 0.9999999374699118 1 1 1 1 1 1 1 1 1 1
690 6900 -0.7415297363070432 -0.10401666478262274 0.11028050713275853 0.999999934817934 1 1 1 1 1 1 1 1 1 1
691 6910 -0.7370834264208609 -0.09687959547708157 0.08421707739868489 0.9999999338594667 1 1 1 1 1 1 1 1 1 1
692 6920 -0.7479529101705722 -0.10892851350296014 0.09545900870975092 0.9999999339572897 1 1 1 1 1 1 1 1 1 1
693 6930 -0.7412914824174699 -0.11010222305076989 0.09878713262696459 0.9999999317758498 1 1 1 1 1 1 1 1 1 1
694 6940 -0.7563845889210009 -0.07425275729025627 0.10747991501024699 0.9999999338632107 1 1 1 1 1 1 1 1 1 1
695 6950 -0.7698045252733112 -0.06078694430824061 0.08335281847803006 0.9999999391849275 1 1 1 1 1 1 1 1 1 1
696 6960 -0.7755991599837867 -0.0360787166539348 0.10514994179220954 0.9999999401423835 1 1 1 1 1 1 1 1 1 1
697 6970 -0.7781039296619653 -0.01934582705992437 0.0803152580349886 0.9999999386273555 1 1 1 1 1 1 1 1 1 1
698 6980 -0.7739401819192252 -0.16642274127916876 0.01149564256042949 0.9999999337063908 1 1 1 1 1 1 1 1 1 1
699 6990 -0.7836808778693375 -0.013004873459866291 0.07637727004579745 0.9999999330564049 1 1 1 1 1 1 1 1 1 1
700 7000 -0.7953017869854019 -0.1532637673570481 0.015109340259533682 0.9999999361880741 1 1 1 1 1 1 1 1 1 1
701 7010 -0.7925754510635222 -0.19105750369493504 0.005779942363029167 0.9999999390531694 1 1 1 1 1 1 1 1 1 1
702 7020 -0.799752942217032 -0.18507297169485654 0.017103180776727282 0.9999999344858682 1 1 1 1 1 1 1 1 1 1
703 7030 -0.8013990419706905 -0.21472327313770267 0.02217067465839668 0.999999927261007 1 1 1 1 1 1 1 1 1 1
704 7040 -0.8024991478513589 -0.21439406553623355 0.0025387384146135367 0.9999999289970699 1 1 1 1 1 1 1 1 1 1
705 7050 -0.7997650010687365 -0.029152068495301525 0.03594082897942425 0.9999999304828932 1 1 1 1 1 1 1 1 1 1
706 7060 -0.8006954697452775 -0.014931861666670822 0.07180780081130629 0.9999999267544419 1 1 1 1 1 1 1 1 1 1
707 7070 -0.7934577068788176 -0.18617267222928516 0.009651832951317458 0.9999999284816624 1 1 1 1 1 1 1 1 1 1
708 7080 -0.7932161037929889 -0.014849639415255921 0.008344354574946197 0.9999999229136315 1 1 1 1 1 1 1 1 1 1
709 7090 -0.7773583186090939 -0.06901422363259425 0.024517421828304423 0.9999999167864977 1 1 1 1 1 1 1 1 1 1
710 7100 -0.7843626557198494 -0.08626423867796691 0.024351188462017854 0.999999915666902 1 1 1 1 1 1 1 1 1 1
711 7110 -0.7991601683487378 -0.03296266416598437 0.04879665516004596 0.9999999084689598 1 1 1 1 1 1 1 1 1 1
712 7120 -0.8034061259969806 -0.0385167153766778 0.03608492792045852 0.9999999048156641 1 1 1 1 1 1 1 1 1 1
713 7130 -0.8051458385372045 -0.04935579047972391 0.021499397231809943 0.9999999041075491 1 1 1 1 1 1 1 1 1 1
714 7140 -0.8246403967083893 -0.02025759091107985 0.01427158603671468 0.9999999098228121 1 1 1 1 1 1 1 1 1 1
715 7150 -0.8090544722751584 -0.03095833116448143 0.010773227409993166 0.9999999106006424 1 1 1 1 1 1 1 1 1 1
716 7160 -0.7936715646068007 -0.032657935340043624 0.08899574516772116 0.9999999101851506 1 1 1 1 1 1 1 1 1 1
717 7170 -0.8009339112027105 -0.021809453725586375 0.06993264750130922 0.9999999137344331 1 1 1 1 1 1 1 1 1 1
718 7180 -0.8113048692305536 -0.016951617167342555 0.04115382909766932 0.9999999120106632 1 1 1 1 1 1 1 1 1 1
719 7190 -0.8217360000437737 -0.0030529650152676235 0.014973430360961463 0.999999908902885 1 1 1 1 1 1 1 1 1 1
720 7200 -0.812576679379822 -0.04597791969327584 0.020441321910467037 0.9999999062461704 1 1 1 1 1 1 1 1 1 1
721 7210 -0.8190622675091 -0.0024878738625000916 0.07191580357005745 0.9999999003469977 1 1 1 1 1 1 1 1 1 1
722 7220 -0.8276083749105149 -0.028136480642415383 0.00788513998111758 0.9999998970276328 1 1 1 1 1 1 1 1 1 1
723 7230 -0.8098246079067677 -0.012976460218957321 0.09209016673402286 0.9999998910401935 1 1 1 1 1 1 1 1 1 1
724 7240 -0.8128193855936972 -0.020178172252077516 0.003589019963634355 0.9999998854368671 1 1 1 1 1 1 1 1 1 1
725 7250 -0.8198695268496496 -0.058589445286311284 0.0036402426942324555 0.999999879607908 1 1 1 1 1 1 1 1 1 1
726 7260 -0.7978191310423578 -0.007263504080044451 0.048851494287905084 0.9999998847942025 1 1 1 1 1 1 1 1 1 1
727 7270 -0.7895211366821796 -0.04371141266340503 0.016232472798236 0.9999998747493478 1 1 1 1 1 1 1 1 1 1
728 7280 -0.7892082854101424 -0.006092207938188252 0.03651322667210774 0.9999998659430648 1 1 1 1 1 1 1 1 1 1
729 7290 -0.7953789613974172 -0.0498450659181658 0.03913846178167611 0.9999998669583153 1 1 1 1 1 1 1 1 1 1
730 7300 -0.7819873958880045 -0.058489248276628616 0.022656015644285335 0.9999998695500819 1 1 1 1 1 1 1 1 1 1
731 7310 -0.7659429133021027 -0.0851835931305012 0.0005441257043474005 0.9999998550632576 1 1 1 1 1 1 1 1 1 1
732 7320 -0.7595819514315926 -0.005537800600965101 0.04639538844303575 0.9999998473043646 1 1 1 1 1 1 1 1 1 1
733 7330 -0.7491608667006723 -0.020300910517973884 0.0594742878670674 0.9999998338347642 1 1 1 1 1 1 1 1 1 1
734 7340 -0.7543137455980323 -0.037540325497811736 0.036514054530618095 0.9999998358511332 1 1 1 1 1 1 1 1 1 1
735 7350 -0.7528314015403917 -0.002055684120251383 0.03715383719610942 0.9999998245179293 1 1 1 1 1 1 1 1 1 1
736 7360 -0.750170314745471 -0.004272320427836907 0.05398807464372239 0.9999998136828292 1 1 1 1 1 1 1 1 1 1
737 7370 -0.7567801324571259 -0.008014300250984294 0.06955578284066426 0.9999998051357716 1 1 1 1 1 1 1 1 1 1
738 7380 -0.756441490734031 -0.009594346745923611 0.05984371825523677 0.9999997927141463 1 1 1 1 1 1 1 1 1 1
739 7390 -0.7655690529641557 -0.011818724146640511 0.013096226801575787 0.9999997893371773 1 1 1 1 1 1 1 1 1 1
740 7400 -0.7704970887589649 -0.018712150669512456 0.026559786364218598 0.9999997949232247 1 1 1 1 1 1 1 1 1 1
741 7410 -0.7792816174493145 -0.06354530408205276 0.03803463981509852 0.9999997727749167 1 1 1 1 1 1 1 1 1 1
742 7420 -0.7671288731129875 -0.09671804878779999 0.03163350992389691 0.9999997796133727 1 1 1 1 1 1 1 1 1 1
743 7430 -0.7672971225702869 -0.09787337538636555 0.015647557217608986 0.9999997758207434 1 1 1 1 1 1 1 1 1 1
744 7440 -0.7729070711452132 -0.09995887475730358 0.037280366027985165 0.9999997672824497 1 1 1 1 1 1 1 1 1 1
745 7450 -0.7627988116144393 -0.10035478766683223 0.007144159711686059 0.9999997706359346 1 1 1 1 1 1 1 1 1 1
746 7460 -0.7522544135327826 -0.09614479673711945 0.04975692917425865 0.9999997725699841 1 1 1 1 1 1 1 1 1 1
747 7470 -0.7451505099701442 -0.003742341176622035 0.04934784775733994 0.9999997497278057 1 1 1 1 1 1 1 1 1 1
748 7480 -0.7645739911446247 -0.02973574713712057 0.06895885581302372 0.9999997607158865 1 1 1 1 1 1 1 1 1 1
749 7490 -0.7698122417848554 -0.02027420052556573 0.06489346862920667 0.9999997428136299 1 1 1 1 1 1 1 1 1 1
750 7500 -0.7828397469730844 -0.04098054177227309 0.03462878354110413 0.9999997369072889 1 1 1 1 1 1 1 1 1 1
751 7510 -0.7953330743789025 -0.0028545364485924275 0.04908638164520091 0.9999997294068893 1 1 1 1 1 1 1 1 1 1
752 7520 -0.8066921262588452 -0.031586068925621415 0.011640179419627575 0.9999997133499964 1 1 1 1 1 1 1 1 1 1
753 7530 -0.8118034423070419 -0.0160092666677743 0.002771480941400149 0.9999997087884971 1 1 1 1 1 1 1 1 1 1
